1.69697
1.68373
1.71975
1.71407
1.67538
1.68966
1.70895
1.69642
1.70876
1.69391
1.69428
1.67998
1.70372
1.71919
1.69541
1.67081
1.68717
1.69713
1.71864
1.68497
1.6819
1.71309
1.6996
1.68463
1.65395
1.71409
1.69973
1.72164
1.69746
1.70361
1.71514
1.70443
1.70654
1.73093
1.68507
1.70757
1.69699
1.72831
1.71498
1.70002
1.69756
1.69671
1.68723
1.68774
1.68237
1.66746
1.69984
1.71811
1.69763
1.6949
1.67299
1.71175
1.69311
1.70384
1.69739
1.72442
1.68757
1.70468
1.70905
1.67561
1.6592
1.69074
1.69226
1.73001
1.68482
1.75067
1.68787
1.71303
1.71292
1.69776
1.7001
1.71588
1.68319
1.70099
1.67863
1.68419
1.71901
1.70212
1.70288
1.63531
1.69667
1.67208
1.71389
1.68674
1.70605
1.69466
1.67585
1.69676
1.69245
1.69058
1.68449
1.70506
1.69108
1.69139
1.69576
1.70014
1.69916
1.69708
1.66635
1.69395
