0.00559
0.00583
0.00407
0.00418
0.00799
0.00792
0.00526
0.00644
0.00373
0.00404
0.00501
0.00651
0.00623
0.00461
0.00584
0.00657
0.00541
0.0047
0.00492
0.00587
0.0038
0.00558
0.00462
0.00505
0.00815
0.0049
0.00523
0.00415
0.00563
0.00411
0.00406
0.00467
0.00418
0.00202
0.00694
0.00438
0.00585
0.00409
0.00422
0.00351
0.00648
0.00588
0.0065
0.00653
0.00723
0.00559
0.00396
0.00567
0.00422
0.0047
0.00597
0.0044
0.0074
0.00507
0.00534
0.0046
0.00692
0.00488
0.00349
0.00588
0.00683
0.00747
0.00568
0.00405
0.0066
0.00306
0.00671
0.00425
0.00369
0.00553
0.0042
0.0036
0.00635
0.0061
0.00605
0.00667
0.00498
0.00423
0.00324
0.00845
0.00494
0.00536
0.00584
0.00417
0.00386
0.00715
0.0059
0.00435
0.00454
0.00575
0.0056
0.00677
0.00631
0.00737
0.00493
0.00419
0.00536
0.00462
0.00825
0.00488
