49.72444
50.32186
49.88404
50.55117
50.80166
51.15054
49.20165
51.55037
51.18583
48.75433
49.31066
48.17567
50.59404
51.84261
50.67411
48.73337
49.20148
48.59027
51.15251
49.6268
47.98659
49.00716
50.72637
49.89479
48.24834
50.57561
49.73146
50.47341
49.78787
49.5231
48.14809
48.64117
50.6698
50.99784
49.19649
49.05542
50.93627
50.47806
51.99951
49.24362
49.87265
50.95442
51.03195
50.05106
49.22344
48.02862
49.18644
51.33409
49.23553
51.3264
48.25347
50.53394
49.44552
49.35468
49.66761
52.80814
48.47117
49.91397
50.51314
48.98307
48.28599
50.77956
50.2593
52.9396
49.10295
51.46521
49.9082
49.62295
51.30267
48.8663
48.35775
51.07602
50.23457
49.33407
51.78987
50.08969
51.79937
50.03292
48.36897
46.0177
49.48245
48.74328
50.96107
49.07166
49.72227
50.34849
47.90989
49.62411
50.05623
50.73586
51.40404
50.55072
48.39822
52.07502
49.01649
49.10215
49.81299
49.15429
48.09078
50.18194
