18.02043
20.59786
9.79941
10.5976
35.0041
33.21449
15.51387
23.70201
9.06634
10.29779
15.16776
23.64193
21.51892
12.54964
19.93951
25.21583
17.54537
13.23407
13.85778
20.51062
9.46182
16.75218
13.28953
15.97952
36.70239
13.88388
15.95682
10.1887
18.18419
9.77882
9.58953
12.68404
11.00226
2.72833
26.31976
11.40628
19.91973
9.80472
9.84246
8.02163
22.88649
20.22873
24.59969
24.15794
28.38132
19.30792
9.90763
17.91459
11.11584
14.17506
21.13619
11.70783
28.52744
14.77027
16.75302
12.62329
25.59286
14.07733
5.75245
20.60366
27.47969
29.6784
19.23498
10.10603
24.38273
5.51967
25.01444
10.8485
8.77308
17.46753
10.74523
8.27325
23.52882
20.42656
20.56836
25.12241
14.43885
11.19239
6.74478
39.30547
14.66772
17.91766
18.90263
10.44041
9.05078
27.33796
20.44679
11.77597
13.54823
19.70426
19.65352
24.47406
21.69517
29.97323
14.46331
10.86206
16.6769
11.36612
35.62773
14.77689
