4.50229
8.39278
6.82876
6.71456
7.2264
6.04563
6.47187
10.4071
1.9354
1.62894
11.69368
9.04832
13.99625
6.69133
5.59881
13.2647
8.76365
13.11873
0.65198
7.80804
9.07087
0.11009
3.72539
5.02774
5.84133
4.4846
4.64663
10.26303
6.84258
2.06376
18.28634
0.71647
5.95846
4.54162
2.82101
10.68324
3.14909
6.81779
7.34474
2.12586
2.51204
5.9084
0.72768
0.00189
4.04866
10.66854
8.55854
5.27857
12.54483
22.94046
7.96367
6.7663
2.75675
7.53141
11.52438
10.458
6.02515
10.39468
0.00158
2.15801
14.55875
6.00557
5.74033
10.91018
9.86149
3.81838
14.60047
0.2957
7.14421
13.87535
13.1853
15.24935
6.83794
1.7474
11.38806
3.50473
2.37435
1.0899
5.168
5.81617
9.1149
1.0584
4.02013
10.38134
18.06598
0.50247
1.54269
10.00001
3.8949
3.10635
11.5617
1.47805
0.33034
6.73932
4.98804
2.486
2.46192
2.50772
3.10562
7.29173
