0.00046
0.00072
0.00173
-0.00156
0.00183
0.00071
0.00016
-0.00046
0.00171
0.00022
0.00037
-0.00054
0.00101
-0.00075
0.00128
0.00197
-0.00074
0.00143
0.00169
0.00153
0.00028
0.00047
-0.00238
0.00061
-0.00044
0.0014
-0.00065
-0.00198
-0.00193
-0.00019
-0.00148
-0.00032
0.00174
0.00323
-0.00192
-0.00115
0.00057
-0.00072
-0.00048
-0.00102
0.00021
0.00195
0.00151
0.00145
-0.00084
-0.00117
0.00145
-0.00159
-0.00249
0.00024
-0.00031
0.00229
-0.0009
-0.00025
0.0016
0.0011
-0.0012
0.0004
-0.00134
-0.00045
0.00191
-0.00111
-0.00103
0.00032
-0.00153
-0.00113
0.00091
0.00049
-0.00072
-2e-05
0.00027
-0.00032
0.00019
0.00093
0.0003
0.00142
-0.00186
-0.00041
-0.00037
-0.00083
-0.00102
0.00108
-0.00073
-0.00109
-0.00131
-0.00022
-0.00117
-0.00076
-0.00098
-0.00039
5e-05
-0.00197
-0.0027
0.00029
0.00066
0.00051
-0.00175
0.00048
-0.00115
0.00055
