2.09642
2.06322
2.07419
2.05747
2.07163
2.03636
2.05843
2.06497
2.08937
2.05169
2.03617
2.03864
2.06101
2.04568
2.05685
2.0699
2.07425
2.05419
2.07607
2.06497
2.06284
2.05409
2.10155
2.07649
2.03374
2.0713
2.06305
2.04144
2.07079
2.05842
2.06527
2.00786
2.05099
2.07401
2.07748
2.03522
2.0574
2.01277
2.0293
2.05029
2.01326
1.99531
2.02324
2.03199
2.01713
2.00806
2.01715
2.07772
2.03505
2.07125
2.01479
2.00977
2.0433
2.06241
2.04858
2.03524
2.04022
2.03107
2.05031
2.0913
2.02182
2.06326
2.06923
2.04979
2.05199
2.06646
2.0578
2.10061
1.99823
2.07464
2.03913
2.05712
2.06419
2.08231
2.0803
2.05935
2.05749
2.02663
2.08858
2.04314
2.04461
2.04241
2.0575
2.06057
2.06086
2.0797
2.0524
2.0422
2.05701
2.04761
2.0659
2.05059
2.03129
2.06287
2.0412
2.06682
2.05764
2.05003
2.09155
2.02536
