20.30503
19.42482
20.67517
19.28792
19.619
19.47616
20.1169
19.74209
19.39798
20.12039
20.05466
19.277
19.66741
20.66469
19.68948
19.84517
20.31012
19.2031
20.10624
19.74152
19.94739
19.7284
20.0769
19.43505
20.17777
20.87863
19.00266
20.6817
19.10217
20.49474
20.1055
19.9231
20.55641
19.12757
20.43011
19.57022
21.60286
20.71025
20.04573
20.06302
19.13719
19.12428
19.84731
20.26512
19.60752
18.41411
19.65587
20.16823
19.05922
19.10664
17.82971
19.35496
20.43256
19.72047
19.91184
19.99508
19.39342
19.71292
19.77013
20.07639
20.04911
19.52739
20.42495
19.26171
19.63193
19.77825
19.98297
19.20758
19.91585
18.87611
19.44886
19.46028
20.64079
19.73833
19.82686
18.57448
19.67215
18.40551
19.40936
19.25774
19.66179
18.77216
19.6974
19.75266
18.65855
20.37836
20.36001
19.22506
20.18563
19.6951
19.35597
19.789
19.42504
18.93889
19.59236
19.95462
18.97061
19.10631
19.2731
19.35241
