0.03323
0.03136
0.02995
0.03547
0.02868
0.02706
0.03516
0.0321
0.02926
0.03224
0.02928
0.03072
0.03048
0.02875
0.03448
0.03613
0.02991
0.03501
0.03053
0.0329
0.02766
0.03318
0.0328
0.03252
0.03173
0.02882
0.02835
0.03025
0.02798
0.02946
0.0301
0.03285
0.03238
0.03906
0.02971
0.02887
0.03542
0.02516
0.03568
0.02963
0.02904
0.0312
0.02877
0.03232
0.03597
0.03414
0.0292
0.02582
0.02911
0.03496
0.03388
0.03034
0.03298
0.0315
0.02971
0.02957
0.03025
0.03069
0.03461
0.02828
0.02759
0.02645
0.03048
0.03229
0.03559
0.02809
0.03316
0.03306
0.02898
0.02846
0.02531
0.0309
0.03037
0.0336
0.03116
0.02845
0.02714
0.02849
0.0305
0.03071
0.02696
0.03106
0.03072
0.025
0.03785
0.0294
0.03428
0.02999
0.02831
0.0291
0.03326
0.02857
0.03288
0.02965
0.03028
0.03077
0.02889
0.03056
0.03035
0.03257
