1.76706
1.76553
1.77174
1.77727
1.76984
1.77184
1.7601
1.78068
1.77436
1.77136
1.75061
1.72955
1.7384
1.74521
1.7521
1.7652
1.7733
1.74033
1.74095
1.76244
1.78723
1.75851
1.78348
1.78365
1.77275
1.76251
1.75223
1.74436
1.77666
1.752
1.77924
1.75804
1.77407
1.75818
1.77621
1.76769
1.72222
1.75723
1.76593
1.7536
1.74198
1.76434
1.72892
1.76429
1.75592
1.75767
1.74379
1.79163
1.73722
1.75148
1.75053
1.73832
1.76675
1.74254
1.7652
1.76103
1.75536
1.78575
1.77839
1.7672
1.75584
1.76812
1.74742
1.7458
1.78631
1.77428
1.76531
1.76804
1.75348
1.78608
1.75812
1.77314
1.74099
1.76788
1.75441
1.75927
1.76824
1.74737
1.76437
1.79276
1.75708
1.73387
1.79313
1.75742
1.75863
1.77132
1.76081
1.75923
1.74541
1.76463
1.75507
1.76969
1.76141
1.74533
1.79232
1.77418
1.77232
1.77228
1.73228
1.74074
1.75167
1.76643
1.74126
1.7845
1.74699
1.77458
1.73638
1.76458
1.76233
1.77819
1.79004
1.74712
1.7335
1.75863
1.75368
1.75537
1.76781
1.76164
1.74873
1.76886
1.7566
1.76917
1.75385
1.75374
1.76549
1.75321
1.76954
1.74832
1.7755
1.76944
1.73561
1.75664
1.77633
1.76102
1.74986
1.75824
1.77305
1.76012
1.74911
1.76182
1.76103
1.74702
1.73657
1.77215
1.76793
1.77495
1.76412
1.75054
1.76559
1.76038
1.77621
1.76016
1.76998
1.7667
1.76172
1.76741
1.76276
1.77705
1.76031
1.78278
1.76866
1.74767
1.74728
1.78624
1.75836
1.74727
1.75131
1.76472
1.75341
1.73967
1.75436
1.74132
1.76143
1.75852
1.75799
1.74889
1.77124
1.73513
1.7552
1.75936
1.76332
1.76753
1.76738
1.74445
1.74699
1.76106
1.75639
1.77321
1.74242
1.76422
1.76324
1.76585
1.74574
1.7557
1.76234
1.74488
1.76157
1.74661
1.76006
1.75913
1.77731
1.73879
1.76264
1.74176
1.77901
1.77113
1.76957
1.77943
1.76114
1.75486
1.7572
1.74711
1.75478
1.77669
1.77141
1.75376
1.76641
1.76951
1.7534
1.77628
1.74361
1.73697
1.77493
1.77865
1.75379
1.74424
1.7592
1.75497
1.76308
1.77296
1.75108
1.76281
1.77713
1.76247
1.76042
1.75463
1.76274
1.74142
1.75886
1.76249
1.7516
1.74485
1.77012
1.7189
1.78199
1.77499
1.76692
1.74154
1.72873
1.78338
1.75214
1.75373
1.72389
1.76858
1.76668
1.78034
1.75196
1.76445
1.75011
1.77391
1.76546
1.76197
1.7768
1.76971
1.7347
1.76009
1.71923
1.75895
1.73697
1.76679
1.76761
1.77658
1.74378
1.75512
1.76008
1.75815
1.79372
1.75632
1.7705
1.76289
1.78263
1.7484
1.76919
1.75676
1.77158
1.75869
1.74018
1.73372
1.7444
1.79463
1.76664
1.77624
1.75719
1.76525
1.78065
1.78866
1.74966
1.76209
1.78011
1.74096
1.75689
1.78853
1.76801
1.77121
1.75927
1.78039
1.7912
1.76161
1.74164
1.74655
1.7575
1.74884
1.75
1.76732
1.76236
1.74043
1.75806
1.74492
1.76876
1.75781
1.70904
1.76181
1.76164
1.77359
1.73267
1.77385
1.76459
1.7631
1.75974
1.76654
1.74416
1.77336
1.75728
1.76422
1.76242
1.76862
1.77098
1.75569
1.76885
1.76333
1.77053
1.75832
1.73616
1.75321
1.76815
1.75637
1.76573
1.74921
1.74893
1.78619
1.76106
1.75871
1.77328
1.74078
1.75907
1.77048
1.77135
1.7773
1.75053
1.77996
1.7515
1.7503
1.74908
1.74685
1.78985
1.7799
1.765
1.73174
1.77483
1.74814
1.73993
1.76521
1.776
1.76504
1.77412
1.74169
1.75032
1.75068
1.76281
1.76321
1.75722
1.80187
1.7549
1.79177
1.78995
1.75553
1.75779
1.78026
1.75325
1.75486
1.74298
1.73568
1.75449
1.76867
1.77763
1.72963
1.75197
1.75622
1.75093
1.76226
1.76309
1.76703
1.75211
1.74908
1.79743
1.75746
1.74284
1.77648
1.75158
1.76624
1.77685
1.7452
1.777
1.73874
1.75023
1.75795
1.77715
1.74384
1.75355
1.76684
1.76676
1.77078
1.74223
1.75448
1.78718
1.76988
1.79645
1.78744
1.74023
1.77035
1.7604
1.75899
1.7336
1.76301
1.73379
1.7527
1.76305
1.75886
1.75205
1.76654
1.76312
1.75945
1.76483
1.76988
1.75573
1.7346
1.75131
1.75313
1.7519
1.73985
1.75141
1.77149
1.76346
1.75346
1.73388
1.77046
1.77581
1.76079
1.73761
1.78782
1.76906
1.73776
1.75225
1.78496
1.73869
1.76339
1.76389
1.76162
1.75826
1.76459
1.77035
1.77564
1.7601
1.76422
1.7516
1.74773
1.78859
1.72846
1.78156
1.77952
1.7739
1.73784
1.77121
1.7477
1.75519
1.75494
1.7599
1.76926
1.76019
1.7941
1.73752
1.7646
1.75267
1.75435
1.75679
1.73596
1.75808
1.75779
1.75886
1.80353
1.7353
1.77513
1.75958
1.7497
1.73446
1.75111
1.77526
1.76113
1.73209
1.80403
1.77854
1.7755
1.77143
1.79409
1.76231
1.75833
1.77679
1.73704
1.76202
1.74716
1.75266
1.76917
1.75353
1.76096
1.74999
1.75491
1.78364
1.7513
1.75393
1.71782
1.7681
1.75212
1.77663
1.77048
1.72905
1.79418
1.76558
1.72731
1.7394
1.76106
1.75728
1.74747
1.73566
1.7851
1.75303
1.76314
1.76315
1.76825
1.74459
1.75586
1.75754
1.80031
1.78136
1.77681
1.74624
1.76664
1.77183
1.76579
1.76067
1.74167
1.77363
1.77691
1.77127
1.748
1.7649
1.78428
1.75119
1.73059
1.76079
1.75956
1.76961
1.7539
1.76709
1.74928
1.78007
1.7782
1.76069
1.76267
1.75647
1.75957
1.75894
1.77631
1.77153
1.73134
1.74976
1.75663
1.73637
1.7301
1.75089
1.7825
1.77751
1.7693
1.74613
1.76786
1.76924
1.77183
1.74993
1.77365
1.76955
1.7574
1.77088
1.76586
1.76978
1.74841
1.75887
1.76163
1.76478
1.74214
1.73308
1.73314
1.80281
1.73979
1.79353
1.7566
1.77576
1.76255
1.75518
1.75256
1.75552
1.76038
1.74048
1.77161
1.74633
1.7756
1.73443
1.74806
1.763
1.77635
1.78593
1.79619
1.76599
1.79588
1.74075
1.75104
1.7298
1.74996
1.76635
1.78902
1.75525
1.75473
1.75794
1.76632
1.75411
1.75268
1.74602
1.7681
1.72516
1.77209
1.72843
1.75464
1.765
1.75374
1.72418
1.7641
1.75968
1.74325
1.76039
1.75785
1.76971
1.75171
1.7778
1.75421
1.76539
1.75603
1.7672
1.74226
1.75095
1.79203
1.7486
1.78768
1.76454
1.7632
1.72582
1.77867
1.77304
1.77565
1.75843
1.74782
1.74552
1.77165
1.76352
1.74373
1.79871
1.7633
1.7707
1.76583
1.74422
1.77479
1.75046
1.75968
1.75128
1.76708
1.76017
1.74117
1.71943
1.76212
1.76587
1.72719
1.75469
1.76822
1.75849
1.75438
1.74829
1.73908
1.75586
1.77345
1.78365
1.77084
1.77748
1.75888
1.7813
1.74373
1.79137
1.74744
1.75486
1.74178
1.75096
1.77014
1.75248
1.76255
1.75452
1.75439
1.76844
1.76965
1.7821
1.76436
1.76929
1.73355
1.78213
1.76413
1.77103
1.74997
1.78264
1.76812
1.77225
1.76549
1.75032
1.76407
1.7799
1.78575
1.78025
1.75936
1.79092
1.76832
1.76046
1.75728
1.75601
1.75867
1.76982
1.78785
1.78766
1.76473
1.77142
1.76664
1.75026
1.7423
1.73701
1.74637
1.72946
1.76386
1.76036
1.73986
1.7982
1.74926
1.74189
1.76906
1.75619
1.74707
1.7753
1.774
1.76467
1.74679
1.78505
1.76895
1.77009
1.76953
1.75783
1.77809
1.76316
1.78253
1.74429
1.7628
1.77545
1.75178
1.76156
1.70659
1.77045
1.78782
1.74413
1.77174
1.73514
1.74925
1.76745
1.74849
1.76406
1.74727
1.77819
1.7428
1.7842
1.76634
1.74874
1.74542
1.78485
1.76384
1.75814
1.7342
1.77474
1.78073
1.75475
1.78247
1.77692
1.78415
1.75954
1.79839
1.76221
1.76243
1.77027
1.773
1.76686
1.76527
1.7745
1.75496
1.7729
1.7798
1.77856
1.78283
1.74466
1.78837
1.74049
1.78573
1.76914
1.77171
1.7745
1.74873
1.77386
1.7696
1.7605
1.76529
1.75519
1.78089
1.77325
1.76789
1.76737
1.76531
1.75443
1.75934
1.77991
1.75665
1.77024
1.72764
1.78036
1.7524
1.7505
1.75547
1.76254
1.75905
1.76955
1.74453
1.73829
1.75685
1.75167
1.76607
1.74191
1.74513
1.76341
1.75519
1.7703
1.74252
1.77272
1.70882
1.76809
1.74183
1.74808
1.76598
1.75068
1.7575
1.77736
1.77244
1.77841
1.77171
1.74864
1.79012
1.77349
1.76408
1.77662
1.74625
1.76977
1.78366
1.74762
1.7399
1.78381
1.76751
1.76873
1.7789
1.76172
1.7534
1.7417
1.76885
1.75977
1.74238
1.78085
1.76789
1.78717
1.77164
1.76019
1.75649
1.76297
1.74677
1.76113
1.76183
1.77311
1.73286
1.74901
1.75815
1.76124
1.73435
1.7446
1.76703
1.75873
1.79259
1.79747
1.75701
1.7515
1.77197
1.7477
1.77486
1.78161
1.78225
1.77577
1.77357
1.75571
1.74924
1.77707
1.75335
1.77089
1.73262
1.77359
1.76727
1.75338
1.77498
1.7865
1.76444
1.77113
1.77675
1.77947
1.76075
1.76891
1.75186
1.76702
1.73374
1.76645
1.75595
1.76345
1.74389
1.77721
1.74673
1.74909
1.78447
1.75518
1.74705
1.80034
1.74095
1.7704
1.77315
1.77198
1.74756
1.75491
1.77394
1.74417
1.7673
1.76545
1.73877
1.75982
1.74642
1.78737
1.74503
1.77468
1.74404
1.76484
1.758
1.77349
1.772
1.73975
1.79905
1.78688
1.7515
1.74527
1.76853
1.751
1.75975
1.7783
1.78591
1.77174
1.73014
1.75812
1.77455
1.75419
1.76446
1.75534
1.7499
