51.65941
52.86126
54.05749
54.30482
52.25932
52.00176
50.32581
52.63401
51.11105
53.53706
51.55164
49.82019
49.57409
50.01433
51.4896
49.84524
52.62529
49.20416
53.42349
51.76239
54.09635
49.45203
54.07056
54.09203
51.80433
51.72463
48.35899
45.72676
52.34447
48.07531
54.1056
50.308
53.59865
53.69502
52.66595
53.76446
49.36693
49.67383
52.93175
49.62092
51.19509
52.77206
48.04525
51.998
54.50053
51.86712
48.33566
53.53899
50.49224
50.63601
53.82712
49.6882
52.66142
50.59215
51.85948
53.43068
51.64597
53.97483
53.43913
54.00541
51.77342
52.78825
50.93919
48.95257
54.33351
51.69624
53.42526
52.17131
49.10299
56.23341
50.86331
53.5523
51.46468
54.05468
50.87992
51.84215
53.11376
49.47509
52.94359
54.30631
53.06613
48.89074
53.76387
50.34564
51.36844
51.583
51.97026
50.79328
53.27204
52.32882
50.71749
52.80086
51.90081
51.38288
55.40576
52.52899
51.78516
53.20296
50.47036
51.79233
52.17174
50.52154
51.4922
55.61458
51.97244
52.24788
49.43893
53.14411
54.04249
52.5904
52.31537
50.79585
49.89854
53.69531
50.6829
49.78088
51.00722
51.46023
51.90583
50.98135
52.97216
51.52033
52.61965
53.19647
52.61835
51.2559
53.44101
49.31054
51.64121
51.97518
50.39137
50.52006
53.04387
51.99355
51.03729
53.33088
52.3215
49.77737
50.95457
50.88154
50.81661
50.82939
50.62936
53.02891
52.61036
50.3874
54.08423
50.71039
52.75511
54.17732
54.98819
53.77798
50.89409
53.20404
49.33089
53.72773
51.7155
55.85524
52.4562
53.38345
52.15847
51.32464
48.05208
52.88045
53.71443
51.79358
50.19168
52.13269
50.50222
50.97215
51.02643
50.1858
53.5432
51.28795
51.26248
49.63602
53.70471
50.34499
52.46902
52.85801
52.07263
51.92156
53.09703
52.46171
51.4478
50.66883
51.41019
52.62046
48.98364
54.80554
52.08608
51.81249
50.73738
49.99138
54.10934
51.22729
52.64405
51.30273
49.03953
49.50201
50.89913
48.80687
50.94279
50.51046
52.64363
51.38258
53.07245
52.62489
51.19223
50.92338
53.02422
50.58748
52.99598
52.60745
50.75719
49.43592
52.63909
53.67421
51.15483
50.63559
51.5104
48.85224
52.29374
52.36258
50.8544
50.25465
52.77846
51.33754
54.4407
53.99232
50.86915
52.71379
53.21578
50.42639
49.1963
51.29418
53.61555
48.9804
52.61964
53.82489
52.251
51.47792
53.99622
47.88712
52.88456
56.61115
50.51368
51.27397
50.3231
53.37852
50.52072
54.19523
48.80491
51.94591
51.81148
54.73955
48.79756
51.46786
51.06511
54.86589
52.22009
52.83694
52.01387
52.71886
47.30181
52.80174
49.07529
53.22055
48.96286
53.14382
54.0998
53.02628
52.98183
52.61824
54.06201
53.0519
55.52894
50.19033
53.13802
53.94444
53.53963
50.98294
53.12867
51.22516
52.7417
52.01387
50.43506
48.38969
51.06338
54.24729
53.82822
53.14926
52.30261
53.08332
54.14776
54.80974
50.42612
51.00673
54.50835
51.1016
51.32381
53.41559
52.16575
54.28686
51.20426
53.16595
55.16814
50.74928
47.89685
48.57492
50.11303
52.19706
51.0482
52.74021
53.7299
51.03711
50.52876
49.87819
53.20404
52.1386
49.16974
51.65914
52.00525
55.59557
48.60136
52.94046
50.54493
52.77352
51.5487
54.25123
52.14602
54.36588
49.47377
49.42227
53.40083
51.60424
51.84562
51.32244
49.71702
53.63207
53.33425
51.37709
49.23235
52.37851
54.09769
52.23437
50.82646
51.55051
50.37447
53.53465
52.29572
50.40434
53.45651
50.71742
53.06627
53.76031
53.27506
54.52781
52.12059
55.08214
49.62054
51.97627
52.16654
50.49201
53.20552
54.24558
52.83446
49.98058
54.13514
51.27309
49.68694
52.04255
53.36586
53.52814
55.27072
48.70753
51.65896
52.69391
51.79989
52.16381
51.17811
53.88697
50.57412
52.87189
54.98184
50.83377
53.64371
55.50087
48.83757
53.41547
49.0618
49.07469
50.36494
48.84496
51.47792
48.96029
52.05504
50.88624
50.22171
52.25263
52.11052
53.44692
51.67962
52.16979
56.07117
52.98018
49.6198
51.40244
51.25654
51.40502
54.56967
50.79358
55.35311
49.56255
51.17755
51.72286
52.63059
50.66688
50.42131
52.6873
53.65157
53.97712
50.78838
50.68652
53.68419
53.76809
56.38813
56.02996
50.19142
51.81558
51.80522
52.9177
47.64426
50.87539
48.07221
51.06479
49.59481
52.20921
50.66221
51.733
52.89427
51.8867
52.35979
54.19651
51.39407
52.05182
51.26065
49.60533
51.32411
51.24776
50.79265
54.71256
51.46457
50.23326
48.58195
51.69121
52.58427
51.39651
51.46634
54.88104
52.62331
49.68016
49.19153
53.19501
50.3582
50.87946
51.49172
52.47069
51.92928
52.10512
52.36752
54.49044
53.01486
52.11791
50.41488
49.32957
55.56366
47.92992
52.71614
50.38382
53.55618
49.02663
54.77431
52.63529
52.9792
50.46721
51.60465
53.6812
50.46213
56.00247
51.24487
50.91575
50.2913
50.0243
52.17844
51.67578
51.20698
52.72092
51.44672
52.80358
50.12922
52.74312
52.11145
48.78687
50.52152
53.80355
53.02204
48.7792
48.60188
55.41874
53.60914
54.56475
52.31107
54.30775
52.20795
50.74706
52.27338
49.93677
51.05517
50.6069
50.11761
55.12188
52.49977
52.12541
51.08896
51.47942
52.15801
50.8747
51.39129
49.14247
54.38313
53.53566
52.19128
53.64101
51.23378
54.24867
50.39485
49.75435
50.85183
51.65032
48.85437
52.67499
51.18044
56.10241
51.48228
51.2182
51.87393
52.06829
51.40207
50.55623
50.04367
57.06653
55.48048
51.33791
49.96948
53.82
51.23719
52.45551
51.47932
50.81022
50.93901
54.65632
52.24539
52.08449
51.5744
54.32638
51.41456
49.30601
52.01155
51.2235
51.5611
52.34826
52.06898
49.64065
54.08284
52.15172
52.09504
52.06122
51.54395
50.7727
51.78759
52.07891
52.55882
49.90508
50.39514
51.04132
49.57335
49.77518
51.44368
54.08933
51.59221
50.83014
52.46021
54.50516
52.75241
52.96359
50.69611
55.48377
54.53166
53.62533
51.11425
52.26534
51.35069
52.48853
51.12413
53.44841
52.85234
50.58773
50.42765
48.65122
55.18636
51.92305
53.10495
53.11342
52.59345
50.45382
51.39618
49.84738
51.0431
52.33293
49.12852
53.63248
49.51024
54.60987
49.04016
50.12182
52.17869
53.74914
54.01329
55.9463
53.5496
55.21175
50.2656
51.30775
49.93312
50.61224
51.1119
53.02362
51.48996
51.72082
50.92501
51.8562
52.70926
51.0952
49.94144
50.2104
48.8115
51.98485
49.24129
49.7664
51.98969
50.68942
47.87025
51.64652
51.90842
52.29997
53.60553
52.86703
52.60112
49.2652
54.88151
52.9541
52.38095
51.93265
49.68232
49.89408
50.79389
54.57113
49.7602
52.56363
52.60542
52.07997
48.80903
54.71565
50.96378
51.60636
53.14452
50.56631
53.21545
52.74643
51.9522
50.19199
53.43931
50.96653
53.98871
53.5226
49.79734
53.95139
52.71357
51.38583
51.34303
52.76108
51.54656
51.71647
47.03751
52.54682
53.6455
49.35287
50.54401
52.91525
52.77154
52.42672
51.19329
50.18706
52.30429
54.27067
53.1769
52.60111
52.23428
50.99367
53.51211
51.37885
53.77397
50.45074
51.60687
50.54153
48.97232
53.77092
52.2051
52.2887
48.96801
52.28455
52.4457
53.84583
51.70041
53.05829
54.67865
50.64999
52.24476
52.52563
51.68117
49.7661
54.28843
52.8716
53.37558
49.70963
51.23718
51.45551
52.85439
52.40744
53.38382
53.043
54.33238
52.83323
52.23441
49.99715
49.64968
52.39196
53.29525
54.45854
54.07644
53.17722
55.15923
50.79071
52.90752
47.48907
50.02943
50.15822
49.53621
52.42048
53.89432
51.12586
54.02809
50.28965
49.10777
52.17904
51.86765
51.10719
53.05807
54.87476
52.02387
50.52761
52.73579
52.24109
53.31847
50.22505
53.00327
51.17681
49.26193
53.13121
50.28096
54.58301
53.1968
51.59355
51.29671
49.06364
51.99714
52.78397
51.87542
54.37198
48.95921
50.29505
51.12925
49.88991
52.77897
50.06209
53.2266
51.69889
55.11304
53.26603
50.41589
49.98983
54.98956
51.94691
52.03972
50.70349
51.80518
54.91004
50.94895
53.31322
54.08922
56.56092
50.60868
53.67345
53.46335
51.68865
52.69489
54.87353
52.15286
51.96121
51.46746
51.43882
51.7504
51.59738
52.68593
54.06044
50.92603
54.49134
49.47155
53.9168
54.42383
51.87465
55.23735
51.10567
54.97719
51.59657
51.37384
52.20402
49.45118
52.18778
53.91573
53.47816
52.35037
54.96355
51.90668
50.27989
52.6384
50.74884
53.38492
48.66193
53.54708
51.06568
53.28818
49.465
52.82849
50.34436
54.4997
51.91666
50.71244
51.08503
51.82426
54.25335
49.27758
48.04996
51.26507
52.91499
51.64366
51.43047
53.1129
48.95299
51.16648
50.95178
51.73392
51.74436
52.15759
52.06566
56.36496
50.60985
53.52593
52.40265
50.74112
52.607
54.25728
51.19016
55.54347
51.1022
53.62238
55.47334
51.00734
50.20647
53.28961
52.51693
53.82282
52.12986
50.46169
51.09868
49.88223
53.80131
51.51479
49.36209
54.73018
52.19805
54.34104
51.67304
52.91417
52.10551
52.26131
49.3125
52.17584
53.58055
53.17932
49.39814
49.42819
51.66668
52.58613
48.48455
51.32365
51.33698
54.04804
53.27053
54.98954
51.93247
49.66618
52.77161
50.64094
52.78723
52.45688
55.23481
54.42876
54.28513
51.98042
51.85666
52.47747
52.6049
53.95025
49.66958
53.94128
54.02909
51.03071
52.82548
54.32184
52.13306
53.54068
52.88629
52.54937
51.52519
53.24313
51.80104
53.04581
49.20904
51.46357
53.44046
54.70125
52.70892
50.73986
50.42283
51.44746
53.57046
52.26765
49.63006
53.24924
48.6163
53.56042
51.50535
53.2887
51.33202
50.62182
50.84755
49.37452
52.25412
53.45595
51.23487
49.1616
51.49583
55.29559
50.74894
51.85554
48.90276
52.47846
52.81348
53.71833
55.249
51.60202
57.41374
52.80646
50.52091
48.80874
53.52833
49.50017
51.2383
53.66978
52.67813
51.62729
48.53845
51.74408
52.74601
50.32487
52.35442
50.91737
52.20873
