2.20627
2.29747
2.35934
2.01395
2.18459
2.34581
2.33857
2.19613
2.41017
2.24084
2.29379
2.46518
2.35107
2.20673
2.36672
1.95809
2.36711
2.15172
2.25159
2.21305
2.28741
2.42057
2.29599
2.24306
2.2244
2.33381
2.3347
2.54784
2.29688
2.29081
2.46817
2.18658
2.3244
2.3216
2.29463
2.17048
2.41365
2.42053
2.18828
1.94816
2.27381
2.41734
2.15054
2.32092
2.37555
2.35981
2.35343
2.27
2.43638
2.43169
2.20439
2.39046
1.90698
2.41916
2.42965
2.25091
2.42108
2.23046
2.36062
2.3259
2.41881
2.12671
2.22642
2.33495
2.1619
2.16266
2.33707
2.38701
2.39291
2.3353
2.22823
2.31112
2.24952
2.3431
2.24603
2.48577
2.30708
2.23613
2.32593
2.19983
2.26006
2.35644
2.17872
2.25264
2.30878
2.35409
2.42482
2.09058
2.19615
2.25871
2.45522
2.25192
2.23057
2.26295
2.35706
2.20945
2.24895
2.24986
2.18664
2.21619
