0.06422
0.03482
0.01976
0.14593
0.17324
0.035
0.01579
0.04608
-0.00449
0.04048
-0.00135
0.00658
0.02718
0.03857
0.01965
0.20132
0.00427
0.06152
0.01153
0.06886
0.0169
-0.01295
0.01066
0.02954
0.03201
0.03018
-0.00513
-0.00486
-0.00218
0.01297
-0.01561
0.02549
0.01537
0.01497
0.01448
0.02831
-0.00077
0.0159
0.08519
0.13448
0.01762
0.0222
0.07599
0.01235
-0.0007
0.0065
-0.00364
0.01018
0.00516
0.01058
0.02
0.0048
0.21951
0.01349
-0.00837
0.0576
0.02141
0.0742
-0.00252
0.01993
0.01709
0.04137
0.01232
0.03943
0.05134
0.04449
0.12463
0.00703
0.00058
-0.00498
0.07839
0.0164
0.06256
0.01073
0.0331
0.03005
0.00503
0.05666
0.01258
0.01963
0.0287
0.00524
0.09653
0.02664
0.00504
0.01807
-0.00662
0.09093
0.03694
0.0572
-0.01069
0.01644
0.07635
0.0322
0.01759
0.02316
0.00409
0.01611
0.05938
0.0644
