5.68599
4.30971
4.8551
5.37265
5.84966
5.14094
5.0817
4.58654
5.27141
5.1486
4.31268
4.13246
4.792
4.4879
5.44453
6.10323
5.15143
4.6387
4.88181
5.85689
5.6838
4.00208
5.0863
5.66051
4.55382
5.16724
5.00288
4.4074
5.59515
5.48549
5.40404
4.73841
4.64215
5.09198
5.50879
4.89683
5.18578
4.30837
5.68423
5.0983
5.04705
4.9148
5.26206
5.38392
5.10719
4.94312
4.6046
4.85351
4.88927
4.79079
4.48346
5.69671
5.71067
5.1604
5.13363
5.2561
5.17552
5.46941
5.16465
5.07659
5.3974
4.98349
5.06611
5.10536
5.15633
5.53378
5.53501
4.71206
4.7719
4.74319
5.35204
5.07449
4.95763
5.72165
5.01914
4.62743
5.87912
5.33649
4.97742
4.5715
5.90245
4.61964
5.35437
5.12369
4.67546
5.64248
5.41307
4.72416
5.2857
5.6816
4.94371
3.91214
5.82113
5.13565
5.21994
4.28136
5.1833
4.90892
5.15732
5.77364
