4.36115
1.41697
0.82055
10.88231
8.0226
2.04569
0.60015
2.92516
0.13943
2.80565
0.01473
0.0886
0.95934
2.42893
0.97526
13.1887
0.08582
3.30064
0.46872
5.47203
0.75615
1.57098
0.38888
2.42232
1.82519
1.64477
0.18747
0.09268
0.03241
0.76482
2.73195
1.96841
0.76199
0.67915
0.74934
2.2223
0.00344
0.53267
5.84716
8.51879
0.94526
0.74535
5.89754
0.41575
0.00431
0.18771
0.05133
0.41294
0.07215
0.28899
1.3702
0.09438
12.6689
0.46144
0.44836
3.82709
0.88632
5.22386
0.04854
0.8094
0.3999
3.76233
0.75265
1.37895
4.24205
4.28601
4.5885
0.16891
0.00122
0.18583
2.35737
0.85114
3.17234
0.49085
2.27357
0.44434
0.14473
4.47458
0.49732
1.04707
1.94
0.10784
2.23835
1.67784
0.12129
0.63955
0.30867
6.05316
3.04677
3.66133
0.76722
0.73424
5.21415
2.00845
0.31452
1.50333
0.10933
0.6467
4.24857
4.27745
