-0.00034
7e-05
-0.00087
-0.00087
0.00103
0.00014
-0.00101
-0.0005
-0.00042
0.00094
1e-05
-0.00022
0.00121
0.00082
-0.00014
0.00045
-0.00067
0.00043
5e-05
0.0014
0.0002
-0.00118
-0.00013
-0.00032
0.00129
-0.00068
-0.0004
-0.00089
0.00025
0.00091
0.00024
-0.00074
-0.00012
-0.00065
0.00056
-0.00018
-0.00033
2e-05
-0.00137
-0.00034
-0.00046
0.00021
-0.00033
0.00045
-7e-05
0.00045
-0.0005
-0.00058
0.00024
9e-05
0.00012
0.00081
0.00082
0.00016
0.00069
-0.00034
0.001
0.0002
-0.00031
0.00036
-0.00119
-0.00075
-0.00063
0.0001
-2e-05
-0.00062
9e-05
-0.00137
-0.00093
-0.00062
0.00014
-0.00026
-4e-05
-4e-05
-0.00083
-0.0009
-4e-05
-0.00034
-0.00079
-0.00077
-0.00024
-0.00074
0.00017
-0.00041
0.00047
-0.00012
-0.00022
0.00076
0.00038
0.00063
-0.00092
-0.00085
-0.00145
-2e-05
0.0003
0.00068
-0.00013
-0.0007
0.00084
-0.00074
