1.74921
1.73874
1.75839
1.75284
1.74791
1.75852
1.7571
1.75413
1.74472
1.73295
1.74088
1.74142
1.75957
1.76154
1.74894
1.73275
1.73774
1.74181
1.76328
1.73951
1.74013
1.72042
1.76276
1.74244
1.73273
1.72982
1.7584
1.74815
1.76012
1.74903
1.74261
1.75311
1.73392
1.74445
1.73531
1.74852
1.74603
1.74318
1.75005
1.74895
1.74841
1.75009
1.76512
1.75325
1.73401
1.75541
1.75038
1.76103
1.74251
1.74584
1.7476
1.74804
1.72194
1.73775
1.76849
1.73804
1.74
1.72983
1.75241
1.75881
1.75116
1.74715
1.76597
1.75733
1.75043
1.75051
1.7421
1.73136
1.72504
1.75725
1.74478
1.76694
1.74497
1.77838
1.74925
1.75216
1.74727
1.74957
1.74016
1.73495
1.76399
1.74999
1.74262
1.75572
1.73521
1.74558
1.76456
1.74173
1.73393
1.71554
1.74329
1.73548
1.72485
1.76621
1.73015
1.72817
1.743
1.75918
1.73218
1.73808
