50.10144
50.76265
50.19761
50.77958
51.30171
51.44096
49.49531
51.85425
51.47986
49.05473
49.58315
48.67798
50.87681
52.11439
51.01541
49.20249
49.53499
48.89907
51.38446
49.98118
49.25534
48.41353
49.2092
50.94088
50.24364
48.86375
50.77393
50.00717
50.71295
50.10049
49.81707
48.37133
50.24459
50.23342
50.60278
48.95398
50.94957
50.66622
51.0907
49.68333
49.2816
51.21605
50.60973
52.13334
49.48585
50.14741
51.2858
50.73405
50.1587
51.32815
50.4468
49.64507
48.51574
49.43833
51.56674
49.54043
51.70835
48.71614
50.77367
49.77486
49.67972
50.0299
52.99152
52.26224
48.84743
50.23861
50.72096
49.41982
48.90347
51.15276
50.59842
53.14785
49.46056
51.60263
50.3033
49.80959
51.4941
49.23968
48.64754
51.01971
51.67339
51.3071
50.71177
49.588
52.1883
50.5021
52.08897
50.26162
48.54005
46.71256
49.81388
49.91075
49.27226
51.22162
49.12121
49.49068
49.99091
50.75567
48.37443
49.91829
