0.03073
0.03029
0.02862
0.03268
0.02931
0.02921
0.0331
0.03056
0.03129
0.03017
0.02948
0.03025
0.02815
0.02798
0.02874
0.03052
0.02994
0.02917
0.03024
0.03124
0.0294
0.0287
0.03016
0.03008
0.03051
0.03105
0.02908
0.03082
0.02999
0.03003
0.02928
0.02802
0.03084
0.02989
0.03049
0.0313
0.02864
0.02717
0.03058
0.0316
0.02835
0.03092
0.03014
0.02999
0.02996
0.02971
0.02938
0.02987
0.03049
0.02977
0.02982
0.03057
0.028
0.03121
0.02972
0.03048
0.02962
0.02755
0.02982
0.03016
0.03146
0.02943
0.03103
0.03126
0.02923
0.03256
0.03062
0.0321
0.03004
0.03109
0.03033
0.03163
0.03436
0.03203
0.02995
0.02905
0.0272
0.02971
0.02973
0.03205
0.03046
0.03139
0.03113
0.03042
0.03041
0.03061
0.03136
0.03172
0.0307
0.02848
0.03165
0.02928
0.02987
0.03202
0.03194
0.03126
0.02753
0.0305
0.03124
0.02991
