1.00017
0.99742
0.99958
0.99581
1.00017
0.99394
0.99843
0.99844
0.99911
1.00199
0.99503
1.00372
0.99936
1.00692
1.00195
1.00172
0.99988
0.99681
0.99842
1.00357
1.00516
0.99404
1.00121
1.00458
1.00038
0.9954
0.99216
1.00105
0.99626
0.99695
0.99728
0.99953
0.99887
0.99677
1.00085
0.99137
1.00601
1.00301
1.00218
1.00705
1.00234
1.00226
0.99603
0.99932
0.98984
1.00014
1.00199
0.99721
0.99909
1.00259
1.00066
1.00037
1.00151
0.99779
0.99923
1.00592
0.99805
0.99209
1.00256
0.99109
1.00253
1.0013
0.99711
0.99985
1.0007
1.00294
0.99827
0.99495
0.9993
0.99436
1.00206
1.00463
0.99918
1.00531
0.9992
1.00092
1.00744
1.00051
0.99725
1.00251
1.0063
1.00327
0.99782
1.00106
1.00659
0.99353
1.0007
0.9997
1.00025
1.00269
0.9982
1.00131
0.99871
1.00002
0.993
0.99577
0.99585
0.99587
1.0008
0.99977
