-0.00028
0.00038
-0.00265
0.00324
-0.00127
0.0032
0.00182
0.00154
0.00079
-0.00248
0.00271
-0.00274
0.00115
-0.00415
-0.00081
-0.00147
0.00048
0.00014
0.00219
-0.00086
-0.00317
0.00376
-0.0001
-0.00184
-0.00148
0.00332
0.00423
-0.00035
0.00304
0.00175
0.0014
-0.00042
0.00056
0.00161
0.00071
0.00405
-0.0029
-0.00077
-0.0012
-0.00309
-0.0012
0.00049
0.00192
1e-05
0.00438
0.0001
-0.00261
0.00278
-0.00039
-0.00075
-0.00011
-0.00096
-0.0025
0.00133
0.00081
-0.00385
0.00127
0.0043
-0.00106
0.00285
-0.00146
-0.00193
0.00159
0.00108
-0.00232
-0.00288
0.00042
0.00139
0.00117
0.00298
4e-05
-0.00212
0.0009
-0.00323
0.00117
-9e-05
-0.0038
-0.0015
0.00076
-0.00034
-0.00399
-0.00265
-0.00054
-0.00053
-0.0024
0.0027
-0.00069
0.00216
-0.00145
-0.00273
0.00035
-0.00192
0.00064
0.00015
0.00358
0.00032
0.00343
0.00306
-9e-05
-0.00012
