0.00387
-0.00197
-0.00234
0.00406
0.00451
-0.00471
0.00459
-0.0067
-0.00323
0.00746
-0.00321
0.00185
-0.00414
-0.00521
0.00335
-0.00403
0.00052
-0.00238
-0.00145
-0.00567
0.00384
-0.00324
-0.0023
-0.00441
-0.00429
-0.00372
-0.00446
0.00051
-0.00177
0.00842
0.0023
-0.00426
-0.0009
-0.00094
0.00203
-0.00317
-0.00441
0.00641
-0.00282
-0.00098
-0.00157
-0.00206
0.00115
0.00272
-0.00214
-0.00381
-0.00303
0.00349
-0.00337
-0.00032
-0.00037
0.00156
-0.00204
-0.00439
0.00011
-0.00394
0.00206
0.0053
-0.00088
-0.00217
0.00203
-0.00139
0.00327
0.00404
-0.00324
0.00067
0.00277
0.00289
-0.00374
0.00279
-0.0018
-0.00415
-0.00052
-0.00505
-0.0015
0.00342
0.00481
0.00621
0.00172
-0.00372
-0.00637
0.002
-0.00533
-0.00098
0.00174
-0.00101
-0.00486
0.00459
0.00115
0.00147
0.00071
0.00295
0.00318
-0.00339
-0.00228
0.00326
0.00466
-0.0002
-0.00086
0.00062
