2.37313
2.38961
2.42572
2.36715
2.48195
2.44281
2.38436
2.39071
2.35722
2.29273
2.48104
2.42451
2.33074
2.42541
2.3675
2.25611
2.38062
2.32625
2.28997
2.38726
2.34179
2.36169
2.33281
2.47939
2.34438
2.33081
2.4193
2.31379
2.52918
2.28627
2.34141
2.40943
2.40809
2.28779
2.37577
2.37164
2.34044
2.2839
2.41122
2.46452
2.39633
2.2868
2.33322
2.47468
2.35142
2.36013
2.37793
2.3774
2.34288
2.3072
2.44945
2.46543
2.29109
2.40531
2.35464
2.46161
2.40082
2.40552
2.47575
2.41582
2.35104
2.38797
2.46194
2.27466
2.28495
2.43642
2.32435
2.30916
2.54046
2.41089
2.39072
2.31311
2.39987
2.36518
2.39341
2.3781
2.34859
2.54856
2.32693
2.38164
2.37338
2.28029
2.35263
2.3752
2.25513
2.33991
2.32988
2.39764
2.40598
2.33553
2.40306
2.41966
2.31189
2.41407
2.35953
2.40721
2.29862
2.26489
2.30477
2.36782
