5.27856
4.15413
4.75699
4.6917
4.97913
4.91666
4.9695
5.30752
4.88548
4.33979
4.11295
4.61519
4.27416
5.26726
5.05359
4.1259
5.11093
4.37757
4.7996
5.35387
5.53655
4.11276
5.00405
5.22818
5.46578
4.39972
4.98574
5.03564
4.44941
5.61673
5.404
5.59146
4.78886
4.62382
4.52161
5.01482
5.36252
4.74947
5.185
4.16932
5.16173
4.4844
4.94542
4.76318
4.87313
5.28635
5.12897
4.88584
4.64777
4.76817
4.84328
4.71663
4.40709
5.66173
4.72776
5.04258
5.21615
4.931
5.00716
5.05906
5.18224
4.94576
5.27695
4.77296
5.0223
4.87146
4.86961
5.28331
4.89186
4.68252
4.74084
4.76042
4.8818
4.94116
4.59556
5.61454
4.7734
4.47089
5.85165
4.92251
4.88158
4.48355
5.69423
4.57898
5.09055
4.97755
4.6448
5.47744
5.49699
4.29829
5.30579
5.06094
3.84106
5.32046
4.95446
5.14044
4.17997
5.15728
4.80525
4.83246
