0.0347
0.03738
0.03125
0.03199
0.0254
0.04082
0.01995
0.03031
0.04157
0.03047
0.03117
0.03373
0.02478
0.03717
0.02534
0.02967
0.02385
0.01808
0.02176
0.02713
0.03397
0.03672
0.0271
0.03727
0.03089
0.03215
0.02927
0.03267
0.03473
0.02099
0.03179
0.02535
0.03921
0.0274
0.04056
0.02629
0.02992
0.01777
0.03054
0.03125
0.02481
0.04275
0.03215
0.02562
0.0526
0.0381
0.02345
0.03
0.0263
0.04117
0.03582
0.03517
0.03959
0.02866
0.0346
0.02165
0.02923
0.02807
0.0213
0.01994
0.03542
0.02983
0.05415
0.02769
0.03817
0.03837
0.03348
0.041
0.03426
0.02917
0.0269
0.02846
0.02463
0.01577
0.0326
0.03107
0.03347
0.03228
0.0235
0.01976
0.01045
0.02051
0.00978
0.02415
0.03447
0.0203
0.03721
0.02889
0.02488
0.03457
0.02027
0.02676
0.04616
0.0377
0.02926
0.0439
0.0274
0.02661
0.04086
0.02977
