-0.00134
0.00055
-0.00278
0.00243
-0.0017
0.00286
0.00282
0.00239
-0.00199
0.00165
-0.0003
-0.00292
-0.00175
0.00243
0.00135
-0.00313
0.00119
-0.00369
-0.00115
-0.0008
0.00033
-2e-05
0.00152
-0.00173
-0.0028
0.00433
0.00028
-0.00174
-0.00187
0.00267
0.00432
-0.00131
0.00217
0.00248
0.0003
-0.00085
0.00118
0.00149
0.00073
0.00368
-0.0032
-0.00077
-0.00137
-0.00237
-0.00175
-0.00038
0.00184
0.00025
0.0033
-0.00037
-0.00258
0.00215
-0.00013
-0.00214
0.00068
-0.00099
-0.00149
0.00162
0.00077
-0.00273
0.00077
0.00458
-0.00018
0.00299
-0.0021
-0.00234
0.00055
0.00113
-0.00319
-0.00387
0.00027
0.00141
0.00186
0.00336
8e-05
-0.00114
0.00134
-0.00219
0.00124
0.00062
-0.00299
-0.00165
0.00092
-0.00012
-0.00383
-0.00329
-0.00175
-0.00028
-0.00374
0.0008
-0.00051
0.00125
-0.00111
-0.00209
-0.00176
3e-05
0.00038
-0.00206
0.00069
-0.0001
