1.00143
0.99713
1.00077
0.99716
1.00064
0.99702
0.99456
0.99754
1.00013
0.99843
1.00158
1.00255
1.00224
0.99534
0.99668
1.00414
0.99981
1.00575
1.00216
1.00141
1.00033
0.99676
0.99925
1.00514
1.00482
0.99361
1.00077
1.00459
1.00065
0.9963
0.99181
1.00212
0.9982
0.99595
0.99923
1.0008
0.99744
0.99673
1.0005
0.99157
1.00587
1.0026
1.00262
1.00509
1.00318
1.00339
0.99577
0.99915
0.99123
1.00159
1.00149
0.99764
0.999
1.00434
0.99883
1.00075
0.99969
0.99719
0.99882
1.0044
0.99944
0.99118
1.0013
0.9912
1.00324
1.00198
0.99861
0.9995
1.00226
1.00435
0.99882
0.99483
0.99874
0.99344
1.00162
1.00321
0.99814
1.00165
0.99852
1.0006
1.00526
1.00101
0.99707
1.00153
1.00571
1.00417
0.99952
1.00116
1.009
0.99744
1.00097
1.00144
1.00024
1.00152
1.0028
0.99731
0.9983
1.00148
0.99774
1.00084
