-0.00034
8e-05
-0.00087
-0.00087
0.00104
0.00013
-0.001
-0.00049
-0.00042
0.00094
1e-05
-0.00021
0.0012
0.00081
-0.00014
0.00045
-0.00067
0.00043
5e-05
0.00141
0.00021
-0.00118
-0.00012
-0.00032
0.0013
-0.00069
-0.0004
-0.00088
0.00025
0.00092
0.00023
-0.00074
-0.00012
-0.00066
0.00056
-0.00017
-0.00034
3e-05
-0.00137
-0.00034
-0.00046
0.00021
-0.00033
0.00045
-7e-05
0.00045
-0.00049
-0.00058
0.00025
0.0001
0.00013
0.00081
0.00082
0.00016
0.00069
-0.00034
0.00101
0.00022
-0.0003
0.00036
-0.0012
-0.00074
-0.00063
0.00011
-1e-05
-0.00062
0.0001
-0.00137
-0.00092
-0.00062
0.00013
-0.00026
-3e-05
-5e-05
-0.00083
-0.0009
-4e-05
-0.00033
-0.0008
-0.00077
-0.00024
-0.00073
0.00017
-0.00042
0.00048
-0.00012
-0.00021
0.00077
0.00038
0.00065
-0.00092
-0.00085
-0.00145
-2e-05
0.0003
0.00069
-0.00012
-0.0007
0.00082
-0.00074
