1.69726
1.68439
1.72122
1.71332
1.67606
1.68891
1.70918
1.69567
1.70986
1.6934
1.69381
1.68088
1.70399
1.71939
1.69558
1.67132
1.68632
1.69713
1.71851
1.68492
1.70321
1.68316
1.71231
1.69864
1.68453
1.65364
1.71357
1.69912
1.72251
1.69715
1.70395
1.71514
1.69182
1.71315
1.70597
1.70466
1.70666
1.71506
1.73012
1.68591
1.70727
1.69639
1.72809
1.7147
1.6999
1.69642
1.69706
1.73662
1.71591
1.68683
1.68885
1.68186
1.6679
1.69952
1.71801
1.6979
1.69588
1.67297
1.71161
1.69316
1.70344
1.6978
1.72391
1.73635
1.68766
1.70541
1.70936
1.67503
1.66036
1.69145
1.69248
1.73095
1.68402
1.75092
1.68716
1.71243
1.7127
1.69851
1.69977
1.71381
1.74978
1.71639
1.68375
1.70056
1.67903
1.6848
1.72026
1.7018
1.70194
1.63567
1.69662
1.70341
1.67252
1.71471
1.70489
1.6878
1.70657
1.69543
1.67621
1.69638
