0.00558
0.00582
0.00402
0.00422
0.00797
0.00796
0.00526
0.00648
0.00369
0.00408
0.00504
0.00647
0.00623
0.00461
0.00584
0.00655
0.00546
0.00471
0.00494
0.00588
0.0039
0.00375
0.00563
0.00467
0.00506
0.00817
0.00494
0.00527
0.00412
0.00565
0.00411
0.00406
0.00437
0.0033
0.00302
0.00467
0.00419
0.00294
0.00207
0.00691
0.0044
0.00588
0.00411
0.0042
0.00353
0.00654
0.00588
0.00262
0.00277
0.00652
0.00648
0.00726
0.00558
0.00398
0.00569
0.00421
0.00466
0.00598
0.00442
0.0074
0.00511
0.00534
0.00463
0.00225
0.00692
0.00485
0.00343
0.00591
0.00678
0.00744
0.00568
0.00402
0.00665
0.00306
0.00675
0.00428
0.00371
0.00551
0.00422
0.00216
0.00153
0.00358
0.00633
0.00612
0.006
0.00664
0.00493
0.00425
0.00329
0.00844
0.00495
0.00332
0.00535
0.00581
0.00256
0.00412
0.00381
0.00713
0.00591
0.00437
