49.74346
50.38174
49.98612
50.52105
50.84133
51.12221
49.24241
51.52005
51.26226
48.74156
49.28859
48.2249
50.61323
51.87919
50.70236
48.75398
49.16497
48.57551
51.14499
49.6308
49.02041
48.0768
48.97531
50.65138
49.88067
48.24622
50.54571
49.68216
50.53399
49.79061
49.5813
48.14067
49.91445
50.03893
50.38072
48.66039
50.69833
50.47816
50.95438
49.27878
49.02712
50.89582
50.46889
51.94142
49.23404
49.80523
50.99898
50.61261
49.97684
51.00783
50.11775
49.20652
48.06518
49.16311
51.34249
49.26277
51.3926
48.27339
50.54388
49.43885
49.34885
49.73266
52.77283
52.16291
48.47326
49.9557
50.50069
48.95991
48.35419
50.81482
50.28656
53.02226
49.06736
51.51393
49.86347
49.58352
51.30246
48.90873
48.34983
50.86112
51.62112
51.10776
50.2753
49.30042
51.76198
50.10813
51.88612
50.0194
48.29738
46.0532
49.48267
49.67778
48.77619
51.01025
48.91682
49.13761
49.72786
50.39617
47.95453
49.61204
