0.00071
0.00028
-0.00137
0.00269
-0.00069
-0.00078
0.0031
0.00053
0.0013
0.00017
-0.00051
0.00026
-0.00186
-0.00203
-0.00125
0.00053
-7e-05
-0.00084
0.00023
0.00124
-0.00061
-0.0013
0.00018
9e-05
0.00051
0.00105
-0.00093
0.0008
-0.0
3e-05
-0.00073
-0.00199
0.00084
-0.0001
0.00049
0.00131
-0.00136
-0.00283
0.00058
0.00161
-0.00165
0.00092
0.00013
-1e-05
-4e-05
-0.00028
-0.00062
-0.00013
0.00049
-0.00023
-0.00019
0.00058
-0.00201
0.0012
-0.00029
0.0005
-0.00039
-0.00247
-0.00018
0.00016
0.00146
-0.00056
0.00103
0.00126
-0.00074
0.00255
0.00061
0.0021
2e-05
0.00107
0.00034
0.00163
0.00437
0.00204
-3e-05
-0.00095
-0.0028
-0.00031
-0.00026
0.00206
0.00046
0.0014
0.00113
0.00041
0.00041
0.0006
0.00137
0.00173
0.00069
-0.00155
0.00166
-0.00073
-0.00013
0.00201
0.00193
0.00122
-0.00248
0.0005
0.00124
-8e-05
