1.74596
1.71756
1.72137
1.72967
1.64778
1.72985
1.72985
1.69024
1.73602
1.69892
1.69892
1.69955
1.69955
1.68204
1.70085
1.72534
1.718
1.718
1.7051
1.7051
1.70721
1.70721
1.73336
1.68171
1.74915
1.74915
1.69483
1.77574
1.77574
1.727
1.727
1.70763
1.72728
1.71573
1.7326
1.68637
1.68637
1.69776
1.73551
1.71701
1.68945
1.67318
1.67318
1.72855
1.72855
1.71021
1.71021
1.68478
1.68478
1.7092
1.70331
1.6823
1.6985
1.69416
1.70583
1.70583
1.73301
1.73301
1.73709
1.71628
1.71628
1.73321
1.68856
1.7603
1.7603
1.71911
1.64428
1.71667
1.73922
1.73922
1.695
1.66627
1.60369
1.73593
1.71499
1.71499
1.71978
1.68896
1.70431
1.70369
1.70108
1.75229
1.75229
1.66765
1.68847
1.68369
1.71149
1.70334
1.70334
1.703
1.70506
1.71537
1.70014
1.70841
1.73727
1.68649
1.73507
1.71948
1.70435
1.70435
1.69825
1.71243
1.71243
1.69619
1.69619
1.70937
1.72897
1.72897
1.72666
1.74124
1.74124
1.71328
1.65237
1.71509
1.71509
1.63443
1.67038
1.70694
1.71263
1.72156
1.72595
1.65592
1.72561
1.71882
1.71882
1.72173
1.72173
1.65964
1.72916
1.72916
1.69518
1.73043
1.73043
1.72697
1.65985
1.66717
1.67673
1.70244
1.71607
1.7166
1.7166
1.6919
1.6919
1.74497
1.74497
1.71103
1.71103
1.72332
1.72332
1.71113
1.67727
1.67433
1.70446
1.71659
1.71495
1.66856
1.71297
1.72096
1.72096
1.71597
1.71597
1.6963
1.6963
1.7184
1.7184
1.70776
1.70776
1.71229
1.70206
1.7198
1.7198
1.72519
1.72519
1.71189
1.71189
1.73553
1.7327
1.71595
1.71595
1.71521
1.71143
1.71143
1.71264
1.71983
1.70404
1.71431
1.70855
1.68942
1.69488
1.69334
1.71055
1.65765
1.62749
1.70995
1.69814
1.69814
1.71994
1.70017
1.70017
1.71506
1.71696
1.69216
1.69675
1.69675
1.7895
1.69002
1.67413
1.72001
1.68974
1.70196
1.70196
1.71047
1.71047
1.70591
1.68348
1.67703
1.7285
1.7285
1.67718
1.72258
1.69702
1.67339
1.66172
1.73862
1.69983
1.68761
1.75042
1.75042
1.74721
1.74721
1.65293
1.71783
1.68129
1.6762
1.70016
1.70067
1.69848
1.69848
1.70202
1.70977
1.70977
1.69003
1.72903
1.67109
1.74284
1.73419
1.71658
1.68603
1.68768
1.73639
1.70006
1.7192
1.63963
1.71
1.68932
1.73612
1.65147
1.70033
1.72258
1.72258
1.70473
1.67937
1.64435
1.71375
1.65637
1.64427
1.68768
1.71659
1.70776
1.73156
1.70762
1.71255
1.71179
1.71179
1.69698
1.70903
1.64275
1.69587
1.7446
1.69186
1.7631
1.70242
1.72955
1.66456
1.71573
1.71573
1.70435
1.69247
1.7045
1.75922
1.68329
1.73089
1.71259
1.72552
1.72552
1.73375
1.71733
1.73266
1.70752
1.70752
1.66992
1.69415
1.72398
1.72331
1.67353
1.75697
1.75697
1.71762
1.68832
1.71154
1.65814
1.69213
1.69213
1.71309
1.71309
1.70135
1.67843
1.68626
1.71563
1.68378
1.65095
1.65352
1.74481
1.74481
1.66791
1.73326
1.73326
1.71178
1.71178
1.6769
1.74846
1.74846
1.70295
1.7076
1.72265
1.72265
1.72072
1.71482
1.71482
1.68415
1.72478
1.72478
1.70425
1.70425
1.72288
1.70852
1.68329
1.6998
1.6998
1.70887
1.70887
1.68062
1.6383
1.70749
1.71653
1.71653
1.68628
1.72864
1.75232
1.75232
1.69293
1.69293
1.70834
1.70834
1.73876
1.73876
1.73969
1.70903
1.70471
1.70471
1.69244
1.67686
1.72663
1.72663
1.68652
1.68652
1.69163
1.67845
1.6796
1.69404
1.74859
1.74859
1.75841
1.75841
1.7339
1.7019
1.74072
1.74072
1.67769
1.6658
1.69048
1.67542
1.71149
1.6557
1.74098
1.69224
1.71406
1.71406
1.68769
1.69401
1.64765
1.70072
1.70072
1.75366
1.75366
1.70962
1.6998
1.69406
1.69406
1.746
1.746
1.71896
1.68585
1.68585
1.69461
1.75263
1.75263
1.73028
1.75121
1.75121
1.65917
1.67557
1.70676
1.70676
1.68562
1.67056
1.74259
1.74259
1.69243
1.67383
1.72979
1.69694
1.73188
1.73188
1.68729
1.69473
1.70882
1.71974
1.71974
1.68008
1.60501
1.70963
1.71756
1.71444
1.71444
1.68842
1.69669
1.69669
1.71179
1.71455
1.69094
1.67008
1.67782
1.71656
1.70114
1.73783
1.73783
1.71158
1.68979
1.77463
1.68009
1.71918
1.68366
1.73179
1.71948
1.71948
1.71514
1.71514
1.70446
1.76315
1.76315
1.74594
1.68028
1.7123
1.69364
1.69409
1.77623
1.76383
1.76383
1.66243
1.69282
1.6873
1.71912
1.71912
1.69568
1.7382
1.7288
1.69853
1.66787
1.74841
1.63045
1.68406
1.71795
1.71795
1.7049
1.7049
1.69914
1.68336
1.72404
1.7003
1.7003
1.72016
1.72016
1.7251
1.71244
1.71244
1.72306
1.69119
1.70948
1.76121
1.75426
1.75426
1.72564
1.75325
1.71138
1.71138
1.67785
1.67785
1.70389
1.70389
1.71768
1.71768
1.70051
1.71601
1.72443
1.75062
1.75062
1.61679
1.71661
1.6868
1.70193
1.70193
1.69722
1.71507
1.67411
1.76873
1.67037
1.69195
1.70016
1.71413
1.70124
1.67836
1.74577
1.74577
1.68241
1.71341
1.71341
1.65816
1.70299
1.70299
1.70125
1.75909
1.70506
1.69693
1.69693
1.74704
1.74704
1.67123
1.72066
1.69292
1.69733
1.74443
1.74443
1.69479
1.68907
1.7328
1.68055
1.68055
1.70899
1.70899
1.76208
1.67608
1.69468
1.69468
1.66904
1.72561
1.68853
1.70945
1.71092
1.71092
1.74024
1.74024
1.73412
1.72799
1.72799
1.7305
1.68484
1.684
1.70954
1.72764
1.73739
1.68997
1.68997
1.74547
1.75227
1.69828
1.69828
1.75798
1.72285
1.72285
1.74957
1.74957
1.71266
1.6767
1.73752
1.73752
1.70992
1.69224
1.6937
1.6937
1.68757
1.73994
1.73994
1.72258
1.72258
1.67007
1.70239
1.70239
1.71632
1.71331
1.6995
1.72018
1.69841
1.64602
1.66757
1.64019
1.72913
1.72913
1.7389
1.7389
1.68783
1.74277
1.69735
1.69735
1.68834
1.719
1.719
1.73764
1.69835
1.70484
1.70484
1.73159
1.70749
1.70775
1.6953
1.72038
1.72038
1.72388
1.66834
1.71784
1.72196
1.72196
1.66642
1.74387
1.74387
1.69645
1.71007
1.7063
1.72777
1.72746
1.72746
1.70341
1.67732
1.71427
1.68652
1.68652
1.72979
1.70055
1.70055
1.73289
1.68975
1.67381
1.67381
1.74634
1.74665
1.64663
1.71592
1.69135
1.70035
1.69753
1.68296
1.68757
1.69302
1.71907
1.7152
1.7152
1.72041
1.72041
1.67877
1.66211
1.66824
1.7096
1.7096
1.70887
1.72711
1.72711
1.72244
1.66741
1.71612
1.70203
1.70203
1.69901
1.6755
1.69113
1.6585
1.73779
1.7321
1.7321
1.72431
1.75038
1.75038
1.69895
1.70182
1.70182
1.71333
1.68469
1.67094
1.7137
1.70352
1.72151
1.70829
1.72389
1.72389
1.74645
1.74645
1.69261
1.67263
1.73762
1.73762
1.71237
1.68057
1.67627
1.74543
1.72081
1.68651
1.68865
1.69873
1.74074
1.74074
1.64016
1.73659
1.70993
1.74145
1.71725
1.70153
1.70153
1.66942
1.70503
1.71439
1.73275
1.73275
1.72353
1.65267
1.71677
1.70909
1.70538
1.67019
1.68281
1.68281
1.71806
1.6866
1.6866
1.7185
1.69883
1.69883
1.6994
1.70214
1.70214
1.75099
1.70974
1.70974
1.7545
1.7545
1.68606
1.74133
1.74133
1.71065
1.71927
1.71927
1.76032
1.70237
1.70122
1.73429
1.72044
1.72044
1.65899
1.636
1.70127
1.70127
1.72189
1.68899
1.70927
1.70927
1.69277
1.70677
1.70561
1.67667
1.70347
1.77128
1.69931
1.69931
1.70771
1.7345
1.70682
1.71485
1.72456
1.72456
1.71243
1.71243
1.66015
1.72634
1.67665
1.71287
1.70717
1.70702
1.70702
1.72621
1.72621
1.69344
1.71975
1.70786
1.70786
1.7347
1.76764
1.68428
1.74221
1.68669
1.6812
1.6812
1.66403
1.73109
1.73109
1.67465
1.69274
1.73999
1.73999
1.70094
1.71747
1.69806
1.72409
1.72409
1.67527
1.71973
1.72451
1.70042
1.72217
1.72217
1.70742
1.67775
1.72839
1.72839
1.69641
1.71737
1.72756
1.72756
1.73346
1.73346
1.6949
1.66803
1.70107
1.70107
1.7293
1.7293
1.70207
1.71541
1.66502
1.69612
1.64166
1.68089
1.66412
1.67917
1.71941
1.71941
1.65488
1.65649
1.72343
1.71662
1.71662
1.67288
1.6843
1.71017
1.75717
1.75717
1.71277
1.68973
1.68973
1.74549
1.69445
1.69445
1.73187
1.73187
1.74307
1.74307
1.73679
1.67824
1.71272
1.71272
1.66071
1.72657
1.67388
1.70928
1.70928
1.68011
1.70821
1.70821
1.70573
1.71694
1.67355
1.71422
1.71152
1.7215
1.70266
1.69429
1.70824
1.70824
1.6829
1.7542
1.7542
1.76079
1.76079
1.72437
1.72437
1.6679
1.72067
1.68511
1.68877
1.70464
1.6567
1.72235
1.70458
1.72613
1.72613
1.69784
1.70522
1.67489
1.67489
1.71782
1.71939
1.70738
1.73421
1.69599
1.71312
1.71312
1.6639
1.74011
1.65619
1.70093
1.70093
1.69639
1.69639
1.7086
1.7086
1.71416
1.70085
1.74285
1.7123
1.7123
1.72889
1.71301
1.69268
1.6691
1.70933
1.73053
1.73053
1.66202
1.71177
1.71177
1.65379
1.71725
1.71725
1.73182
1.69038
1.69946
1.74121
1.74121
1.70915
1.71932
1.7108
1.7108
1.6863
1.71651
1.71651
1.6777
1.73015
1.73015
1.70082
1.71525
1.71525
1.73083
1.70522
1.75303
1.75303
1.67482
1.67482
1.72296
1.72296
1.69957
1.71352
1.71352
1.72556
