0.00172
0.00396
0.00426
0.00399
0.00828
0.00238
0.00238
0.00506
0.00318
0.00414
0.00414
0.003
0.003
0.00558
0.00417
0.00324
0.00169
0.00169
0.0048
0.0048
0.00413
0.00413
0.00426
0.00673
0.00106
0.00106
0.00458
7e-05
7e-05
0.00438
0.00438
0.00595
0.00389
0.00339
0.00365
0.00275
0.00275
0.00487
0.00246
0.00292
0.00423
0.00411
0.00411
0.00215
0.00215
0.00261
0.00261
0.00415
0.00415
0.00334
0.00381
0.00438
0.00705
0.00493
0.00457
0.00457
0.00457
0.00457
0.00345
0.00312
0.00312
0.00285
0.00462
0.00218
0.00218
0.00464
0.01002
0.00432
0.00412
0.00412
0.00572
0.00571
0.01225
0.00266
0.00357
0.00357
0.00408
0.00462
0.00518
0.00685
0.00614
0.00349
0.00349
0.00469
0.00832
0.00584
0.00407
0.00339
0.00339
0.00477
0.00408
0.00456
0.0079
0.00291
0.0048
0.00582
0.00304
0.00449
0.00283
0.00283
0.00549
0.00224
0.00224
0.00407
0.00407
0.00551
0.00289
0.00289
0.00298
0.00413
0.00413
0.00266
0.00782
0.00307
0.00307
0.00774
0.00535
0.00452
0.00285
0.00393
0.00248
0.0076
0.0022
0.00383
0.00383
0.00398
0.00398
0.00676
0.00326
0.00326
0.00313
0.00388
0.00388
0.00282
0.01013
0.00827
0.00566
0.00536
0.00255
0.00368
0.00368
0.00339
0.00339
0.00182
0.00182
0.00434
0.00434
0.00353
0.00353
0.00399
0.00524
0.00621
0.00673
0.0042
0.00379
0.00542
0.0041
0.00319
0.00319
0.00433
0.00433
0.00405
0.00405
0.00325
0.00325
0.00353
0.00353
0.00434
0.00409
0.00279
0.00279
0.00289
0.00289
0.00365
0.00365
0.00739
0.00321
0.00323
0.00323
0.00367
0.00476
0.00476
0.0046
0.0054
0.00593
0.00379
0.00394
0.00749
0.00501
0.00622
0.00441
0.0056
0.00853
0.0037
0.00365
0.00365
0.00337
0.00489
0.00489
0.00354
0.00511
0.00359
0.00355
0.00355
-0.00083
0.00643
0.00684
0.00499
0.00585
0.00453
0.00453
0.00356
0.00356
0.00484
0.00649
0.00563
0.00345
0.00345
0.00727
0.00436
0.00373
0.00876
0.00869
0.0034
0.00601
0.00504
0.00034
0.00034
0.0021
0.0021
0.00723
0.00369
0.00479
0.00537
0.00479
0.00426
0.0034
0.0034
0.00513
0.0033
0.0033
0.0044
0.00342
0.00364
0.00328
0.00347
0.00411
0.00441
0.00314
0.00398
0.00417
0.00276
0.0077
0.00492
0.00536
0.00366
0.007
0.00625
0.00424
0.00424
0.00601
0.00542
0.00959
0.00466
0.00563
0.00514
0.00234
0.00349
0.00226
0.00286
0.00509
0.00568
0.00344
0.00344
0.00489
0.00389
0.01265
0.0049
0.00211
0.00687
0.00163
0.00355
0.00325
0.00746
0.00355
0.00355
0.00663
0.00314
0.00556
0.00309
0.00506
0.00383
0.00366
0.00488
0.00488
0.00473
0.00252
0.00233
0.00259
0.00259
0.00633
0.00634
0.00537
0.00394
0.00528
0.00299
0.00299
0.00361
0.00416
0.00537
0.00849
0.00456
0.00456
0.004
0.004
0.00536
0.0057
0.00462
0.00441
0.00527
0.00444
0.00657
0.00241
0.00241
0.00745
0.00253
0.00253
0.00389
0.00389
0.00609
0.00205
0.00205
0.0044
0.00452
0.00384
0.00384
0.00401
0.00451
0.00451
0.00666
0.00261
0.00261
0.00398
0.00398
0.00376
0.00385
0.0049
0.00396
0.00396
0.00423
0.00423
0.00539
0.00637
0.00562
0.00451
0.00451
0.00631
0.0041
0.00233
0.00233
0.00454
0.00454
0.00298
0.00298
0.00349
0.00349
0.00206
0.00175
0.00347
0.00347
0.00382
0.00604
0.0032
0.0032
0.00446
0.00446
0.00476
0.0086
0.00795
0.00632
0.00471
0.00471
0.00289
0.00289
0.00477
0.00438
0.00335
0.00335
0.00895
0.00667
0.00413
0.00464
0.00338
0.00541
0.00314
0.00277
0.00332
0.00332
0.00501
0.00534
0.0092
0.00405
0.00405
0.00385
0.00385
0.00382
0.00487
0.00452
0.00452
0.00258
0.00258
0.00203
0.00408
0.00408
0.00576
0.00199
0.00199
0.00106
0.00124
0.00124
0.00599
0.00797
0.00382
0.00382
0.0056
0.00704
0.00395
0.00395
0.00372
0.00528
0.00248
0.0061
0.00254
0.00254
0.00351
0.00772
0.00447
0.00253
0.00253
0.00556
0.00895
0.00404
0.00391
0.00332
0.00332
0.00632
0.00453
0.00453
0.00319
0.00197
0.00479
0.00711
0.00819
0.00289
0.00542
0.00321
0.00321
0.00501
0.00368
0.00112
0.00635
0.00503
0.00531
0.00449
0.00354
0.00354
0.0038
0.0038
0.00441
0.0006
0.0006
0.0025
0.00676
0.00433
0.00468
0.00434
0.00106
0.00149
0.00149
0.00601
0.00787
0.00389
0.00224
0.00224
0.00596
0.00129
0.00251
0.00549
0.00903
0.00393
0.00848
0.00818
0.00292
0.00292
0.00235
0.00235
0.0047
0.00662
0.00692
0.00272
0.00272
0.00317
0.00317
0.00192
0.00309
0.00309
0.00436
0.00623
0.00506
0.00382
0.00178
0.00178
0.00376
0.00343
0.0038
0.0038
0.00462
0.00462
0.00335
0.00335
0.00428
0.00428
0.00429
0.00366
0.00531
0.00276
0.00276
0.00916
0.00294
0.00229
0.00408
0.00408
0.00854
0.00469
0.00424
0.00218
0.00662
0.00538
0.00303
0.0037
0.007
0.00756
0.00329
0.00329
0.00687
0.00414
0.00414
0.00827
0.00435
0.00435
0.00449
0.00371
0.00536
0.00398
0.00398
0.00198
0.00198
0.00682
0.00557
0.00467
0.00553
0.00223
0.00223
0.0043
0.00555
0.00437
0.00386
0.00386
0.00418
0.00418
0.00061
0.00586
0.00433
0.00433
0.00689
0.00433
0.00494
0.00437
0.00396
0.00396
0.00303
0.00303
0.00309
0.00172
0.00172
0.00204
0.00406
0.0049
0.00319
0.00642
0.00325
0.00452
0.00452
0.00182
0.00137
0.00414
0.00414
0.00129
0.00271
0.00271
0.00131
0.00131
0.00476
0.00676
0.00194
0.00194
0.00556
0.0069
0.00304
0.00304
0.00522
0.00471
0.00471
0.00443
0.00443
0.00668
0.00395
0.00395
0.00312
0.00381
0.0032
0.00423
0.00372
0.01167
0.00647
0.00569
0.00408
0.00408
0.00498
0.00498
0.0067
0.00477
0.00441
0.00441
0.00557
0.00385
0.00385
0.00442
0.00473
0.00433
0.00433
0.00282
0.00377
0.00365
0.004
0.00035
0.00035
0.00401
0.00461
0.00534
0.00246
0.00246
0.0044
0.00125
0.00125
0.00365
0.00414
0.0042
0.00346
0.00428
0.00428
0.00413
0.00812
0.00334
0.00438
0.00438
0.00561
0.00384
0.00384
0.00465
0.00501
0.00402
0.00402
0.00272
0.00217
0.00482
0.00347
0.00451
0.00627
0.00571
0.00737
0.00441
0.00512
0.00504
0.00419
0.00419
0.00457
0.00457
0.00735
0.00594
0.00731
0.00416
0.00416
0.00552
0.00288
0.00288
0.00362
0.00455
0.0049
0.00464
0.00464
0.00443
0.0068
0.00541
0.00809
0.00297
0.00315
0.00315
0.00444
0.0026
0.0026
0.00352
0.00356
0.00356
0.00339
0.00477
0.00668
0.00477
0.00393
0.00546
0.00377
0.00366
0.00366
0.00301
0.00301
0.00511
0.00788
0.00368
0.00368
0.00431
0.00508
0.00857
0.00316
0.00383
0.00702
0.00707
0.00411
0.00319
0.00319
0.00817
0.00368
0.00408
0.00428
0.00414
0.00454
0.00454
0.00854
0.00434
0.00573
0.00462
0.00462
0.00341
0.00795
0.0041
0.00327
0.00704
0.0099
0.00357
0.00357
0.00617
0.00416
0.00416
0.00509
0.00334
0.00334
0.00596
0.00359
0.00359
0.00197
0.00448
0.00448
0.0025
0.0025
0.00677
0.00229
0.00229
0.00376
0.00361
0.00361
0.00191
0.00336
0.00639
0.00344
0.00331
0.00331
0.00645
0.00841
0.0034
0.0034
0.00563
0.00512
0.00497
0.00497
0.00441
0.00631
0.00638
0.00615
0.00304
0.0011
0.00384
0.00384
0.00299
0.0043
0.00463
0.00346
0.00426
0.00426
0.00347
0.00347
0.00664
0.00429
0.00638
0.00375
0.00505
0.00458
0.00458
0.00395
0.00395
0.00586
0.00383
0.00371
0.00371
0.00311
0.00101
0.00526
0.0035
0.00472
0.00468
0.00468
0.00735
0.00334
0.00334
0.00611
0.00452
0.00241
0.00241
0.00571
0.00392
0.0047
0.00424
0.00424
0.00563
0.00387
0.00523
0.00428
0.00487
0.00487
0.00401
0.00704
0.00439
0.00439
0.00558
0.00264
0.00289
0.00289
0.00292
0.00292
0.00585
0.00743
0.00405
0.00405
0.00098
0.00098
0.00598
0.00628
0.00799
0.00542
0.01031
0.00708
0.00331
0.00506
0.00226
0.00226
0.00695
0.00798
0.00278
0.00458
0.00458
0.00719
0.0062
0.00306
0.00135
0.00135
0.00428
0.00444
0.00444
0.00197
0.00418
0.00418
0.00442
0.00442
0.00216
0.00216
0.00353
0.00621
0.00225
0.00225
0.00721
0.00277
0.0058
0.00476
0.00476
0.00672
0.00443
0.00443
0.00416
0.00372
0.00595
0.00386
0.00416
0.00431
0.00231
0.0043
0.00439
0.00439
0.004
0.00104
0.00104
0.00274
0.00274
0.00267
0.00267
0.00839
0.00433
0.00528
0.00688
0.00546
0.00691
0.00447
0.00606
0.00182
0.00182
0.00629
0.00548
0.00447
0.00447
0.00477
0.00399
0.00363
0.0034
0.00706
0.00489
0.00489
0.00635
0.0033
0.00796
0.00409
0.00409
0.00283
0.00283
0.00377
0.00377
0.00408
0.0034
0.00286
0.00289
0.00289
0.00457
0.00346
0.00503
0.00802
0.00241
0.00359
0.00359
0.00832
0.00355
0.00355
0.0062
0.00414
0.00414
0.00272
0.0038
0.00491
0.00394
0.00394
0.0058
0.00458
0.00439
0.00439
0.00705
0.0047
0.0047
0.00752
0.00474
0.00474
0.00406
0.00438
0.00438
0.00577
0.00449
0.00272
0.00272
0.0042
0.0042
0.00429
0.00429
0.00443
0.00333
0.00333
0.00395
