51.02217
51.37545
52.51958
52.84602
51.53058
50.74534
49.35562
51.36557
49.992
52.37523
49.8748
48.45565
48.30579
48.99713
49.89317
48.66956
51.09759
48.47307
51.71764
50.04096
52.89273
47.90485
52.56651
53.1591
50.29533
51.30293
46.62757
44.66897
52.31482
46.59204
52.47549
48.6755
52.1546
52.28665
51.34742
52.74532
48.21193
47.87309
51.96214
48.49376
49.53948
51.43405
46.12243
50.45461
53.56213
51.86463
47.29529
52.69601
48.80337
49.2974
52.26097
47.88107
51.4082
48.919
50.08391
51.70156
49.80887
52.44606
52.18369
52.18937
50.50128
51.69997
49.00602
47.05012
53.54894
50.0339
52.21053
50.64607
47.25425
54.86854
49.14638
51.83797
49.71418
53.08593
50.66117
50.4317
51.64342
47.6242
51.29556
53.78384
51.37041
47.22038
52.57127
48.94443
49.89519
50.42622
50.48785
48.92533
51.88087
50.64947
49.18415
51.13505
50.29979
50.19326
53.73957
50.89053
50.6425
51.60836
48.79765
50.56505
51.12449
49.06748
50.54386
54.67148
50.34828
52.34423
47.8076
52.03463
52.94319
51.02656
50.85921
49.72209
48.83835
52.18787
49.46382
48.20214
49.46843
49.76302
50.72444
49.58465
52.00561
50.55517
51.66363
52.12697
51.1458
49.61576
51.9838
47.85566
51.73857
50.70311
49.06372
50.09259
51.69778
50.99306
49.71767
51.91353
50.77706
48.01474
49.87271
49.103
49.50825
49.02897
49.10446
51.32028
51.86808
49.20038
52.40197
49.31812
51.48643
52.56105
53.26201
52.34936
49.75676
51.66025
47.93961
52.69123
50.19486
55.19356
51.19545
52.01063
50.51597
49.51042
46.4939
51.29894
52.44402
50.31579
48.86646
50.50644
48.85543
49.75581
49.95487
49.14172
52.3413
49.9152
49.75485
48.48783
52.52926
49.19913
51.26022
51.54766
50.84174
50.26621
51.41642
50.5234
50.0038
49.22152
49.96489
51.34282
47.36106
53.62311
50.50955
50.4189
50.23497
48.60696
52.71657
49.65922
51.30026
49.97234
47.2236
48.1301
49.83006
47.31258
49.46065
49.05674
52.97799
49.86036
51.50857
50.81926
49.91447
50.22765
51.27557
49.24376
51.57481
51.33871
49.08718
48.53259
51.06097
52.43667
49.80076
48.98202
50.02969
47.20593
50.75925
51.20552
49.20292
49.03979
51.3155
51.1836
52.69484
53.16655
50.67474
51.29527
52.80259
49.16
47.29733
49.50151
51.95638
47.65125
50.93338
52.19727
50.88649
49.76107
52.71588
46.33141
51.7063
55.34254
48.98251
49.4517
48.94179
51.97633
48.88308
53.0334
46.94425
50.15724
50.60385
53.33246
48.04746
50.90765
49.25263
53.21796
51.05423
51.40399
51.41985
51.00628
45.74039
51.65715
48.01614
51.88482
48.02612
52.01075
52.33764
51.49496
51.14094
51.16217
52.84317
51.39229
54.20614
48.29459
52.32759
52.76401
52.95939
49.4559
51.87854
49.54429
51.34678
50.71176
49.44466
47.03916
49.31692
53.24025
53.01555
51.80613
50.92118
52.33148
52.60155
53.16276
49.38472
50.07635
53.5538
50.01039
49.50567
52.50715
50.43036
52.74192
49.3349
51.83598
54.17548
49.43937
46.20914
47.59323
48.4678
50.82475
49.14947
50.9127
52.13074
49.58216
48.85317
48.00204
51.57395
50.36349
47.24467
50.16319
50.48673
54.7006
47.03214
51.34563
49.58429
51.97082
50.04157
52.48995
50.68686
53.58371
47.81321
47.63487
51.70944
50.25259
50.20183
49.4954
48.13827
52.62143
51.83702
50.25194
47.86138
50.84719
52.67041
50.68005
49.80722
50.02562
48.86519
52.05373
50.63525
49.48281
51.92634
49.14185
52.35037
52.06952
53.2574
53.01521
50.31493
54.25773
48.32522
50.03977
50.60305
49.24183
51.91958
52.9978
52.05406
49.25789
53.03824
49.88475
48.24094
50.7416
53.20085
52.35589
54.6452
47.08612
49.78258
51.23801
50.49783
50.72032
49.43726
52.39992
49.66785
51.94361
53.21458
49.1894
51.79925
54.25851
47.32048
52.0952
47.41123
47.09233
48.96907
47.31219
50.44278
47.69531
51.03219
49.5153
48.87592
50.47803
50.63594
51.71123
49.97858
50.41037
54.82027
51.40938
48.17935
49.93724
49.34892
49.91682
53.62007
49.91381
53.81897
47.78791
49.37601
50.70038
51.87116
50.22619
49.57603
52.17454
51.9038
52.21516
49.89681
49.1688
52.10359
52.31812
55.41366
54.70994
48.649
50.47288
50.84508
51.99844
45.62736
49.94147
46.54081
49.91526
48.00781
51.12754
49.61499
50.68058
51.48072
50.31628
50.90459
52.9143
50.10072
50.7385
49.87185
47.85483
50.02871
50.4251
48.80603
52.95533
49.85104
49.03885
47.17119
50.17737
51.46183
50.06416
49.81102
54.49769
52.04229
48.96986
47.681
51.58426
49.63193
49.51586
50.36455
51.02016
50.26788
50.26515
52.15252
53.57162
51.43658
50.55387
48.59926
47.73491
55.20432
46.02979
52.21271
49.2805
52.11591
47.3847
53.20461
51.68572
51.19202
49.9182
50.63474
52.08646
49.28903
54.60811
50.38708
49.48242
49.05701
48.8991
50.45421
50.60858
49.32026
51.10527
50.45955
51.76346
49.00143
51.48021
50.86786
48.0304
49.66594
52.53457
51.41513
47.73617
47.10042
54.22595
52.02107
53.92737
50.8884
53.05385
51.64379
49.29743
50.60568
47.99807
49.59795
49.17502
48.62845
53.45705
50.79692
50.72193
49.22556
50.02583
51.1718
49.57366
50.18321
48.08338
53.06123
51.89998
50.48192
51.94859
49.36877
53.50791
49.06158
48.40659
49.5439
50.10634
47.43803
51.13908
49.38477
54.82039
49.90907
49.76736
50.37908
50.25468
49.52582
48.95467
48.27203
55.90245
53.79779
49.91363
48.44696
52.15025
50.46359
51.06428
50.17215
49.89205
49.60936
53.03678
51.44561
50.3892
50.88687
52.76337
49.5932
47.69421
50.81008
49.7219
51.34283
51.2943
50.84436
47.92898
52.76222
50.52861
50.85401
50.39806
50.40405
49.2742
50.2142
51.00875
51.42701
48.11544
49.71617
50.19289
47.96789
48.06159
50.04391
52.78617
50.33964
49.23717
50.65109
53.78462
52.22273
51.4387
49.05851
54.995
53.31486
52.44623
49.35236
51.75148
49.62626
50.81065
50.39155
52.67655
51.7909
50.27758
49.13219
47.37821
53.82554
50.32386
51.63206
51.32327
50.96743
49.4038
50.33774
48.24829
49.76873
50.81439
47.84085
52.00099
47.95615
53.67005
47.46775
48.83971
50.51466
52.37453
52.43178
54.20652
51.82642
53.74092
49.4088
49.68343
47.86191
48.66118
49.63967
51.52676
49.76725
50.65636
49.26668
50.79239
51.21948
49.7344
48.31023
48.50733
48.64947
50.5204
47.2457
48.62675
50.7065
49.65174
45.99981
50.31609
51.41779
50.74014
52.00148
51.20822
51.30887
47.61665
53.3431
51.35712
50.59974
50.59114
48.25752
48.10337
49.61168
53.58061
48.2689
50.94295
50.93382
50.47357
47.13173
53.71659
50.18144
50.54057
51.78035
48.77368
52.02453
51.30807
50.88785
48.36339
51.98283
49.5035
52.27732
51.94009
47.92632
52.2837
51.80846
49.7873
49.29925
51.51584
50.03061
50.5362
45.48227
51.45722
52.30474
47.31593
48.78524
51.41629
50.98627
50.64256
49.39484
48.22621
51.23796
53.18678
51.61059
51.38984
50.6106
49.20326
52.57482
49.90609
52.62696
48.95383
50.32739
49.6222
47.22919
52.05279
50.63041
50.54027
47.60437
50.56363
51.0486
53.03949
50.67117
51.98295
53.42227
49.17304
50.87667
50.93689
51.02764
47.88399
53.17182
51.34646
51.85464
48.10194
49.57407
50.2647
51.60646
50.78563
52.07212
51.49942
52.87086
51.17822
51.23907
48.25195
47.99215
50.70324
52.04081
53.00822
52.36833
51.90155
54.62266
49.24472
51.54739
45.7084
49.16177
48.47378
48.01213
51.07004
52.52418
49.37157
53.3286
48.71809
47.74116
50.432
50.27732
49.68432
52.31651
53.26551
50.28864
49.05127
51.78817
51.01689
52.34518
49.36915
51.4337
50.45471
47.9431
52.51161
49.00737
52.84085
51.94165
50.23971
50.0138
47.12365
50.61288
51.43052
50.5038
52.84596
47.5325
49.08569
49.45155
48.11427
51.89928
48.7157
52.3785
50.36793
54.74757
51.54492
48.7853
48.8059
53.45103
50.13582
50.6254
50.2908
50.36794
54.36046
49.65928
52.10736
52.52633
55.244
49.13517
52.22526
52.63532
49.99461
51.13351
53.40211
50.55009
50.59501
50.28741
49.88733
50.56943
51.24746
51.44723
52.85849
49.12
52.92711
47.57672
52.77954
53.5834
50.62061
53.64805
49.37585
53.57915
50.7018
50.15022
50.73475
47.76242
51.28084
52.47301
51.91919
50.83744
54.35207
50.13424
49.14661
50.92748
49.26583
51.65989
46.87312
51.96492
50.42101
52.20351
47.87997
51.74907
49.28556
53.3257
50.16348
49.7233
49.69852
50.22054
52.73065
48.88879
46.22067
49.98776
52.01348
50.98875
50.55312
52.24646
47.41002
50.09996
49.3532
50.80181
50.43513
50.74338
51.01484
54.82402
48.8825
51.82661
50.7295
49.5253
51.44072
53.76305
49.67308
54.74883
49.23122
52.86184
54.52104
49.26551
48.59789
51.73493
51.39642
53.0627
50.90616
48.98451
49.70789
48.95245
52.50636
50.55084
48.72861
53.08958
50.30618
53.26899
50.15169
51.36808
50.51388
50.81668
47.70667
50.69567
51.99417
51.5689
48.41025
47.66257
50.0725
50.96248
46.8356
50.08912
50.9455
53.15544
52.37975
53.61217
50.94481
48.41241
51.23518
48.9955
51.59269
51.04221
53.54264
52.7312
53.43031
50.35138
51.10394
50.75853
50.79512
52.61087
47.76546
52.26095
52.5197
49.54339
51.57353
52.64875
50.60203
51.7638
51.29853
51.37638
50.5631
51.8632
50.14223
51.83385
47.97004
51.26556
51.85751
53.13815
51.29371
49.75022
49.2449
50.25408
51.76726
50.94807
48.42099
51.80945
47.59241
52.53505
50.25408
52.01612
50.71107
49.37552
49.72735
48.67674
50.68815
52.3859
49.63802
47.35727
50.02364
53.88239
48.86255
50.13599
47.24935
50.70685
51.72448
52.28158
53.50696
50.48653
56.1224
51.06963
48.93343
47.32217
51.82607
47.564
49.57091
51.95971
51.67705
50.03536
46.70791
50.35673
51.13823
48.65341
51.07601
49.59821
50.93262
