9.73253
13.52341
23.43436
8.15052
20.91238
12.75022
9.42581
19.9054
6.63438
4.79181
14.06241
6.3852
25.24047
17.06302
15.23149
10.25669
6.04391
8.02173
7.76216
4.64129
5.3386
15.56313
19.36211
2.399
20.17228
10.37682
29.85654
17.35747
9.69783
16.66922
7.51902
18.40019
8.74211
15.32077
3.42738
18.58273
5.86983
4.20652
11.00395
4.2483
18.40189
14.05046
15.0726
20.66387
19.38952
4.87021
21.14273
5.64734
6.79557
19.75459
18.44555
15.53079
25.32798
12.08421
33.34829
26.65163
12.15693
16.29683
10.7719
7.91762
13.99371
0.40292
22.58828
11.77752
9.31753
12.50628
22.64144
17.5237
33.8863
14.01723
18.72484
9.33518
12.35913
15.74761
5.43858
24.43477
10.12768
21.13185
17.66322
17.09181
3.53733
9.67773
5.48089
11.82731
5.20673
11.12536
11.39585
2.7493
3.10638
23.50684
9.13985
10.24046
10.08882
6.54169
14.1224
13.63969
11.71972
6.48584
6.35127
23.49667
11.90724
15.04231
22.65876
9.75789
7.06722
7.44141
7.35326
6.64276
26.56081
14.27412
15.49741
21.43697
7.4537
15.60542
5.96661
17.01842
14.95233
16.71168
16.41775
17.00913
18.42152
8.74352
9.7202
4.60406
19.1642
13.19193
17.13193
17.67109
20.49093
2.33821
11.96804
15.68377
18.26815
15.55795
23.35779
25.0625
6.79868
21.01505
17.85094
11.99364
11.14483
16.64366
21.12434
16.10764
16.72832
24.46186
21.18834
12.38007
18.11075
13.66892
8.3842
12.05035
29.71504
19.31733
11.88466
13.86652
11.14663
10.26749
19.86128
6.79877
29.04401
10.29276
7.79112
11.18146
20.01728
10.64001
16.65165
5.1397
12.62988
11.61429
1.99068
8.69402
11.18956
14.52433
21.3422
11.03809
18.86843
14.92162
16.70866
8.87144
13.5282
22.34918
16.27909
24.029
9.6098
25.376
7.15642
15.43034
36.35991
6.13479
25.99547
9.31087
22.58202
12.04428
20.75999
11.47725
0.68882
5.69244
7.77762
17.44659
6.08626
6.44192
11.4049
5.24794
13.70509
4.8423
3.97779
5.62319
6.23232
19.74132
24.4638
15.46078
19.44643
17.96482
6.21179
21.14074
11.19396
11.78237
27.59462
11.05041
16.41772
7.12775
6.01549
18.17865
21.59684
22.46353
10.1161
15.48721
4.36784
18.64983
17.08359
10.72772
8.3111
7.6521
20.56773
10.5005
10.10868
12.78563
13.56123
17.44149
12.33306
6.89668
5.02584
6.67153
14.57243
7.66433
13.70399
12.00496
6.14496
7.65225
8.62169
12.35857
31.39214
15.25894
19.42312
11.87021
8.61195
11.09048
6.75892
8.10262
21.59116
16.59127
7.83815
27.3951
15.58259
14.64158
10.23492
4.32407
9.66971
21.10211
10.37385
6.56645
8.21524
16.6842
14.66469
10.31076
3.2713
14.7037
12.77555
2.74815
13.89765
28.08346
16.1804
4.28445
6.15565
25.18446
13.6305
12.60623
4.1772
6.38281
11.99596
24.07024
5.93515
17.63876
4.67021
5.4083
5.96812
10.08582
5.01002
11.38265
4.50116
7.55675
4.86451
11.61408
1.86516
5.81529
21.84337
3.80449
36.52011
5.89099
22.96934
13.8289
13.55325
5.24163
24.58685
6.29222
9.02579
14.18673
17.61458
13.78415
7.82112
30.09567
9.58139
15.27561
19.59267
8.93762
10.92907
20.53371
13.49361
29.25071
15.58734
9.9525
5.87721
10.18751
11.7778
12.16954
21.62266
12.9561
18.14519
16.65269
5.09323
11.20462
6.81556
10.23494
14.28322
20.47089
10.65815
13.43038
20.88189
9.70393
13.86405
9.94992
14.21328
22.89736
13.2653
27.06046
16.50239
17.48385
18.238
11.6074
12.28973
10.85404
8.49948
24.10856
18.55922
20.27194
25.02566
16.14594
23.49013
8.48173
4.31555
14.30182
27.64268
18.199
11.64558
7.68262
11.21516
4.892
10.54394
10.01651
5.80187
22.62849
14.848
8.91059
14.01749
14.37924
25.90781
8.59673
23.71797
12.20128
13.54669
12.92359
21.38538
17.08331
13.84597
19.51687
27.03633
11.74208
7.47089
16.93351
11.99586
22.47968
3.02105
13.3587
6.41381
8.2258
18.64689
2.91725
8.31948
10.57689
15.77113
10.77564
30.05233
10.60572
24.10522
11.78228
23.58408
9.22517
3.62484
13.94004
5.46718
27.17141
9.55937
17.21717
11.25471
3.10614
11.35047
6.32469
4.64456
0.38278
8.76768
14.72944
7.05424
6.09757
2.82319
12.29856
9.04394
7.59581
13.9175
36.23355
21.18889
15.72342
20.12797
16.42334
12.29859
10.35071
7.86973
17.01731
8.24644
23.20774
14.50456
6.78571
5.5291
11.13101
8.79718
19.70093
16.39338
3.48232
14.14324
7.61608
15.32398
18.0561
5.53929
19.30005
9.66725
37.67903
19.10582
12.19377
9.59777
21.11909
11.25994
7.18848
9.66775
10.69798
22.23506
14.60797
14.96312
10.2515
5.52116
16.06567
2.38082
11.17011
10.50054
7.65576
10.82
10.58693
8.47069
5.92292
8.52365
7.79856
18.08621
32.34358
14.05457
30.05274
7.42026
21.95177
28.65623
10.42096
22.61705
6.51042
22.12483
16.12426
32.46573
5.76079
6.66492
17.16133
11.03648
9.01932
15.55173
13.38827
8.26701
20.6366
8.54145
7.93987
10.02675
11.38299
9.32737
13.64593
14.97387
21.46113
12.48484
14.26187
6.0038
17.63106
17.52652
21.45433
6.79383
15.76784
14.06948
2.08813
5.87036
8.9022
21.81736
10.52006
6.74907
13.8587
13.40555
13.81715
17.09495
13.50855
2.46343
14.56444
17.35668
3.94777
12.35671
10.73841
20.32574
6.73758
16.14153
19.33126
36.98594
18.94777
17.98774
27.21231
12.17033
17.0917
14.86642
15.92953
8.6674
7.81615
6.0855
28.23407
18.86645
26.72797
19.17774
14.10562
6.23029
22.3659
18.55893
15.77524
15.60496
6.55436
6.08976
7.22677
18.42346
5.37648
14.22384
7.37496
11.00723
6.44814
13.78469
9.67577
6.01628
13.28522
15.62096
18.58467
10.51365
4.45094
15.97513
5.27218
4.09997
12.55295
20.10823
7.94205
11.94127
4.40495
42.85976
6.9168
34.64528
15.63674
17.30056
7.53309
20.2727
14.56623
3.58037
34.84671
28.49358
16.51243
14.22014
13.60046
1.80021
4.41257
6.79427
17.4564
24.23276
9.37065
16.84063
26.97445
12.75899
16.81719
25.37857
15.49102
14.77933
7.54551
13.47449
7.91544
18.2538
7.09582
2.72658
13.84982
22.35551
8.40561
29.19973
8.93233
5.88453
16.88348
13.61915
20.58501
13.16453
24.31899
7.3586
28.23646
9.48098
12.58587
11.8621
14.06304
10.59372
16.7015
6.35547
6.44888
5.35577
9.74343
4.36084
14.04014
16.97091
13.40979
24.3669
24.13376
7.37451
5.76311
0.35945
13.48541
12.4222
12.29479
5.26587
10.68887
13.23827
17.42248
12.73268
15.87684
8.7631
9.50333
22.64538
15.92264
15.69086
10.22545
7.72548
19.37615
14.89478
13.27889
32.49373
25.73862
29.14282
32.827
15.33347
7.76375
16.77459
19.77632
20.93453
16.87061
7.87063
29.40394
29.18948
9.12313
27.16159
14.49254
8.33273
9.34202
19.60005
18.12886
10.30611
13.07342
11.25507
15.62691
3.1916
12.53016
11.58322
10.44786
5.71531
32.17566
8.70913
16.57714
13.07559
16.78755
38.18298
13.09699
9.98246
19.00707
9.26892
16.16629
5.73371
21.75129
21.60418
9.11662
9.01177
21.85995
23.60652
11.75727
25.15974
10.87072
23.3655
29.43953
14.02452
15.41193
2.6721
8.77459
7.24612
15.51885
23.56569
10.68774
21.52282
8.3508
6.17359
14.21691
18.49251
18.98715
7.78027
6.6753
23.637
18.45688
24.34753
30.26881
14.60434
6.78081
7.50946
14.64765
11.36183
13.30425
12.87389
42.8434
14.29819
16.53939
7.85459
9.35206
9.10509
14.57425
9.35789
3.30071
12.04348
17.92045
5.81418
14.37336
6.89969
5.90875
7.43763
6.83048
22.26818
13.66026
11.18456
8.33316
21.23636
15.1519
28.24307
20.94441
2.78368
14.7562
5.79045
6.58982
11.55668
25.28068
3.61271
24.47289
8.50711
9.7983
13.33428
3.93106
25.8802
11.45984
11.0368
20.53367
17.76719
17.21176
7.49573
30.08861
7.78107
6.31459
9.86527
22.6821
5.7557
18.55701
3.44812
21.47445
10.32112
21.0379
13.01986
16.95799
13.01023
7.351
29.82663
12.47431
8.52577
14.6136
35.73732
14.55588
13.24182
13.59967
14.12373
8.68923
8.04842
13.96833
9.31687
11.97819
15.36986
12.37928
11.57384
12.02291
25.08836
11.85755
33.80124
12.28676
2.22991
12.10868
24.33169
17.46763
13.94539
2.656
8.11353
5.96911
8.10227
10.26423
23.8496
7.40346
19.70227
9.71377
6.19726
6.4981
7.93622
25.2881
8.46983
8.94957
13.76542
6.73796
11.57368
3.52801
17.48722
21.95718
22.27629
20.39843
29.49175
6.87541
14.58531
15.38381
21.17195
17.00477
3.91281
12.22807
21.35804
8.14146
12.01908
17.67326
20.99112
10.17912
6.43572
1.5375
29.47142
8.93057
10.01242
6.96467
13.36792
10.0902
9.76938
5.2036
21.88139
6.90112
15.88648
7.9892
8.24901
18.19517
8.01949
12.01122
8.46805
16.83536
17.05159
14.59469
10.86032
14.07969
10.83841
14.2663
18.90895
15.80398
11.9077
21.35993
5.01756
23.53714
11.65974
22.32606
20.55139
7.97732
17.08332
7.08806
11.90862
5.16371
7.79849
17.52505
7.91279
10.87085
12.27679
8.92936
12.88326
4.60753
13.01898
1.02978
9.32156
21.47609
10.12875
31.81438
9.61787
8.9592
22.67241
7.10512
8.91945
20.20507
24.24451
10.58742
7.80079
31.25166
20.11723
12.17804
17.55715
28.96093
17.21441
15.28588
10.52157
15.58991
14.01349
16.63584
15.26546
7.53483
11.51606
14.54725
13.55437
7.12481
13.1652
20.31915
21.93434
8.81967
7.5678
17.93626
1.71367
11.32753
11.45018
13.07793
9.48325
4.0971
9.03098
17.86649
11.49533
4.66095
16.54832
22.63089
22.42728
16.15606
11.67916
16.67166
27.84827
10.51198
5.92821
5.80238
23.40808
5.9195
10.49922
15.41878
3.90566
16.5927
11.11372
8.95476
10.45214
4.19359
14.96599
5.09227
12.81756
21.61449
8.62775
10.91072
7.60696
14.18524
6.84186
6.27089
22.24145
22.35739
11.05132
5.57583
28.23156
14.91871
20.79243
6.99671
13.60037
17.84171
22.86765
27.87233
10.07306
5.62225
18.72867
6.93845
19.32479
31.31896
15.24315
1.46605
11.1422
15.95517
24.92927
4.85378
4.3967
10.51346
16.59308
22.97632
20.01727
17.03111
15.11837
9.98591
18.65165
10.65803
11.58919
21.87849
23.58877
6.28376
9.6015
9.49853
12.51696
10.10337
8.17235
13.99429
19.46515
8.80125
17.63197
12.62535
25.03574
13.35517
20.02207
9.33021
17.15077
11.44372
15.55498
23.16261
8.36552
16.66871
16.24284
16.86385
8.35849
13.75999
9.77149
14.95917
8.90654
17.08368
9.83141
17.04847
19.3899
23.42811
12.13047
20.11276
31.14064
9.32497
9.78626
11.70474
10.45637
10.79792
6.18798
10.47672
12.31352
6.08129
4.98661
7.22968
4.14137
8.25601
17.95874
16.36932
10.01032
9.97005
16.26115
10.5972
3.94116
12.07663
1.03193
9.48751
35.05925
21.70688
3.14544
4.70281
10.78057
3.90424
9.71951
14.10841
14.10358
20.2825
22.28397
21.37876
3.07016
6.63464
14.78384
25.3358
14.22972
12.83705
13.95739
14.06682
20.62933
19.91553
15.09321
12.74993
15.77133
22.77136
7.62479
20.6194
20.418
18.87571
10.31682
27.19897
12.07427
11.58593
21.07534
17.80826
23.60852
19.24389
7.25076
2.05664
13.20251
6.88719
10.50149
9.719
23.12287
13.24038
10.42165
13.50471
24.90533
21.13933
13.29207
13.53655
26.01302
10.66532
15.22047
17.18014
14.3588
10.57673
7.86016
15.05001
18.41332
14.37942
11.55329
15.6582
12.26759
27.35446
20.50205
26.18518
20.75486
8.26281
11.49355
22.2025
15.11606
22.64228
11.1726
19.51273
6.62939
9.96579
28.23122
19.5818
11.83406
16.84
21.78299
23.24957
23.38867
9.61517
14.13709
5.59515
3.39836
5.37669
14.41016
10.33963
24.95911
14.42665
16.86686
9.90242
13.90746
6.41536
16.11165
14.96187
13.3689
7.20974
7.98613
33.72325
24.62559
7.64122
22.67201
14.62939
9.62998
5.23193
16.2522
10.12179
6.78429
5.28739
5.39338
7.38224
17.2244
9.78461
6.81689
16.01102
4.56289
16.58652
17.84775
7.66622
6.02617
6.534
21.94903
35.14406
30.9494
6.96531
18.88216
8.60653
10.82276
27.12365
7.39708
23.58846
21.15026
11.06584
12.59925
7.04411
28.21786
8.12543
24.90847
14.52401
21.75071
12.47006
8.59184
14.17021
3.98471
12.6257
12.58789
23.22949
15.61282
16.40853
8.23406
19.87277
18.70895
18.46352
9.60084
9.7173
19.69178
6.9146
16.40323
14.96722
9.92768
13.91332
26.77786
2.04201
18.94772
10.74944
20.32199
14.88739
8.16104
21.69349
8.21488
9.60764
11.19111
16.32136
19.12182
16.45601
12.7403
7.42664
19.47527
6.46931
23.50459
3.39009
10.5117
10.88181
26.75866
2.89278
21.04933
4.05078
13.5022
11.45311
5.23187
4.62287
4.7617
26.85614
10.33812
20.14645
3.82917
14.16092
17.30272
17.75311
22.39195
13.62152
18.47496
8.75061
4.81427
12.99227
24.10981
9.22409
19.24788
26.81367
12.71685
7.75157
22.56564
9.84776
14.00408
3.23827
15.6079
16.77313
7.24549
17.71695
10.03478
10.99223
38.22272
21.08765
25.43477
14.47172
8.9719
9.18527
6.50881
0.91055
14.27273
13.8016
23.28155
7.28158
17.04821
7.84799
25.06549
33.76051
12.26725
3.14614
12.38998
16.00687
6.82878
7.15855
18.24311
9.94269
10.56779
14.07683
11.3999
4.73877
3.03061
11.55464
9.81042
11.22206
2.0374
22.78974
6.74139
9.32772
18.82731
17.77984
20.0145
17.96608
11.53625
5.95074
10.43879
15.74624
13.8095
2.7854
15.9125
18.05923
33.82111
20.95941
4.32281
13.60347
22.98974
21.22787
21.46313
27.22162
23.84732
9.28767
15.09083
11.81413
7.1794
14.98062
15.83306
9.08558
5.52048
9.83073
24.5314
19.41017
14.97808
10.71047
6.25024
13.61259
16.33485
13.19166
12.60747
22.54545
8.24622
6.30069
17.14328
15.8069
8.35558
1.77338
4.57058
7.41765
10.80621
10.73259
1.68756
20.93302
10.92098
24.9167
15.96607
11.74311
11.91085
18.44561
31.21394
17.90127
16.46486
32.75291
10.25519
13.7833
12.97693
17.52545
11.88473
3.30266
12.92457
9.05354
8.87965
16.11335
20.63926
2.58204
14.78801
33.74846
12.10302
7.17239
7.17612
27.92804
4.06348
4.57314
21.80116
8.9164
7.03584
21.45854
6.10403
11.61928
26.06929
9.50912
11.27737
12.92744
12.4987
16.22573
20.62325
5.3343
25.94264
23.66998
8.53018
17.87024
6.97307
4.41964
5.90758
24.48858
9.57949
4.75019
10.27957
10.04199
18.4016
3.12653
15.62728
16.5058
17.18595
13.96705
21.34048
5.92763
14.94558
8.27669
10.43815
14.37803
9.38785
13.57329
12.61023
12.03825
10.409
29.79099
7.13636
11.4787
7.48341
15.60604
10.34325
9.91604
8.71709
8.4417
7.90809
7.09526
10.86988
6.67133
17.64085
14.71547
15.37957
3.9663
1.66097
33.05656
14.38656
14.91774
6.31155
6.18049
12.69764
42.91268
11.35568
14.08016
5.80763
19.43916
17.11021
16.63929
20.63227
20.1178
35.3953
8.83455
13.16759
10.48283
14.05174
11.62455
18.36407
14.05671
9.46825
17.07283
10.11978
14.00338
38.01582
5.22325
5.46851
14.09252
23.60665
9.13087
7.63101
13.38499
20.93755
8.8668
10.63401
12.03466
11.13525
3.91098
13.65525
16.37683
8.66799
9.10398
32.23647
14.01914
6.19043
13.07285
24.02283
26.76119
6.92196
13.56938
14.98679
10.38755
8.36613
4.55466
17.37098
7.05188
11.60296
14.23943
7.20993
13.39225
6.70099
5.75203
11.57104
16.46078
17.13986
16.67102
2.50604
15.24487
14.26672
11.21299
12.50466
15.34375
2.87882
11.44718
18.58856
9.03102
17.5966
13.62016
19.80138
10.09356
9.44681
16.94898
9.16855
12.47317
25.54712
13.57968
6.4089
16.80612
2.229
15.15097
10.32805
17.80701
25.00319
15.70233
8.92088
3.40777
9.73896
10.59013
15.43557
0.57588
30.62256
8.76771
13.79216
34.19874
7.72168
15.78665
18.617
12.76583
18.58205
5.47822
15.44736
13.18497
12.04413
12.08313
6.93815
7.10861
11.45819
10.47095
20.99228
15.38972
22.60701
8.09161
17.31618
9.93764
23.26223
20.85305
16.22538
18.32116
30.92348
27.42984
6.49981
8.98982
24.61507
13.86641
1.7558
23.22541
23.04043
16.31888
4.69928
13.1096
11.84289
18.33067
15.3169
6.48274
5.21322
5.46269
10.65084
11.63693
19.64437
18.01373
20.25899
17.95902
12.60244
7.85447
8.55966
25.95362
9.56051
3.7895
16.88003
14.04938
27.94584
17.61471
8.22748
19.91759
14.0407
5.44467
7.0447
8.86177
9.37038
13.3969
12.44936
8.19853
27.18374
22.44784
9.99086
7.27755
7.35903
1.51403
15.26415
12.43377
13.93305
26.84107
8.83857
9.29397
14.54249
3.59594
12.46772
0.46179
13.81472
16.09671
6.85326
19.8455
12.35175
25.76621
11.11011
13.37985
8.55193
31.77643
11.04247
14.7897
13.67226
8.88919
17.5286
19.79763
9.71229
16.47564
16.1477
13.79292
9.07327
8.92546
15.81268
11.22223
5.87861
18.89165
19.78889
7.91117
15.94804
22.30109
5.14135
15.57371
12.30129
9.30657
15.73074
14.42978
15.2595
10.55628
20.60067
5.58996
6.62813
21.58843
20.26078
21.80464
14.316
5.59863
10.89564
6.98902
25.62176
4.85314
9.25146
11.6689
14.75087
15.14519
6.31618
2.83464
23.61588
11.49489
6.80014
14.79869
21.91472
9.88822
9.41876
12.91529
16.01096
13.81841
9.77075
15.96815
25.49613
8.4161
21.19894
10.95241
6.62217
11.92718
40.28514
28.48577
14.00837
21.64311
4.7431
13.81992
3.38253
15.37595
8.84998
18.75507
6.68009
17.06389
4.08303
7.39045
26.67959
5.13292
2.54707
12.56914
25.91141
10.17499
11.53316
15.51134
8.21753
11.94903
22.44423
20.72593
7.68629
31.66496
13.33362
13.60108
14.97077
6.53171
29.02037
20.03763
10.22246
8.51262
22.84574
10.1539
4.54376
18.03104
20.21595
27.40779
17.35373
17.96913
9.19376
15.08671
30.32027
17.1131
20.19372
6.45047
11.35008
3.19077
12.28515
17.43253
11.89807
27.79413
5.22211
32.78835
10.97827
20.41525
11.70152
5.3261
16.06318
8.50309
16.00598
13.41512
15.46366
29.60663
20.4832
6.62964
10.41379
5.53597
3.63102
4.47717
22.54782
18.16394
14.18328
6.05266
13.69016
23.78342
9.6242
23.07982
11.28415
6.49831
16.09236
7.13274
8.86891
22.65398
13.09569
16.21757
14.36551
24.8639
9.78669
15.38017
11.59016
2.11422
11.7724
4.46342
23.04107
18.94476
18.95334
29.37435
8.42394
7.84265
10.77624
12.30858
16.06112
4.01403
12.97546
4.20445
5.16119
16.36972
11.26268
7.68106
7.33046
8.53018
5.27619
16.17861
9.38578
27.89127
18.97065
8.49596
15.76683
16.09375
25.88386
27.33341
26.04518
20.03714
0.59955
1.74277
7.23971
22.78383
12.00048
14.79052
14.1953
23.77221
18.68003
6.50277
21.1956
18.62323
14.43616
9.66051
13.52318
19.69889
6.13526
12.43261
16.27906
20.96779
14.10115
20.7503
20.72532
11.15569
13.44432
17.82125
9.24767
10.31588
27.73933
15.26026
8.60793
9.18451
32.81445
9.19604
10.77008
7.87702
17.45589
7.81667
18.50058
6.0452
10.62965
7.72713
6.1419
9.50439
8.33436
17.91281
22.82201
6.69744
4.43276
22.2168
11.63222
1.89838
22.38476
25.46235
15.39159
20.08951
13.84782
7.36244
17.01761
19.55007
5.4254
17.72499
14.7756
16.13036
7.14462
14.26888
7.77422
10.882
9.85183
7.45188
10.9884
23.23708
15.28993
22.88162
20.74441
13.5526
11.49097
9.57348
12.365
21.09907
3.05293
22.99974
7.81842
15.46668
12.52907
10.61887
5.47242
12.05118
4.59028
4.88298
15.16219
17.35234
15.92563
1.47695
18.02495
10.19712
7.74848
5.08824
10.05299
7.12599
23.06073
9.50659
7.72626
17.19972
45.60481
9.60319
12.81675
14.80552
13.81467
13.07747
10.16941
14.5996
14.23505
8.10127
4.12268
8.7951
12.05603
10.14521
24.93554
12.61994
5.61278
14.70843
12.44314
7.96497
13.14846
20.10285
10.6087
13.50149
14.55411
13.54293
11.8034
14.49781
15.50879
20.46446
16.92294
9.14609
9.2014
15.93579
24.2476
10.61233
19.39949
25.35668
17.27006
15.85745
8.32753
17.77358
9.33787
29.38948
14.86382
21.9896
23.12736
15.09593
14.36959
5.99
9.75717
21.52894
6.4298
24.94029
5.75916
15.05031
6.83704
8.89838
24.86684
17.09219
18.20026
6.96417
12.21235
20.08991
32.22482
7.81711
14.58522
21.03569
20.36752
14.57732
12.23311
16.72429
19.71593
7.52526
16.66669
12.30801
16.02861
10.28829
19.65834
34.49903
26.5487
12.41384
19.58868
1.25134
11.53118
4.99251
21.48794
11.49682
4.62985
9.97558
26.62891
28.28451
4.03734
2.30328
19.59054
14.2186
16.08392
18.22865
5.17941
18.1215
12.2059
17.25021
9.56978
8.63643
14.69849
0.8395
4.6284
4.63722
24.4785
13.13378
14.34156
17.15859
18.55027
8.98373
14.46287
16.40781
18.4768
16.92093
13.47575
41.40226
27.77425
17.23166
15.63348
39.24883
33.39354
14.50384
8.82664
13.55603
12.46708
9.40516
4.6129
17.50397
30.28795
18.89437
11.75835
14.24178
9.18789
29.24701
7.71207
19.3257
28.23564
25.79258
20.17658
13.65176
4.38719
21.77756
6.46594
14.74117
15.54774
7.52467
7.45729
20.64453
11.21824
6.96603
12.28538
0.65937
7.04432
19.90417
14.53472
8.71924
10.51659
7.05857
19.73019
8.31036
14.25457
11.65329
5.85235
20.64762
14.14581
16.82035
15.55662
10.73134
20.54165
17.49561
20.58827
28.7974
20.06321
8.37593
13.70418
28.52401
29.44215
11.61008
19.62393
15.03044
31.66804
17.60941
5.16457
13.11926
12.53126
23.89473
12.4711
10.05694
12.27303
21.48061
18.19741
13.95875
19.88021
16.54536
14.74266
4.89703
4.21592
12.46291
17.41404
19.06106
18.71578
14.49424
10.38591
18.26412
8.27774
0.33506
10.22468
13.59035
13.74575
11.38584
9.15339
4.22398
18.50803
21.43077
15.77555
0.74149
19.25075
12.48594
11.32365
6.41885
3.16241
8.69751
11.80191
4.85427
6.50977
4.49993
18.5473
19.24805
13.35265
22.33099
15.95895
22.9795
8.11367
9.73197
13.7868
12.30424
10.80047
19.77641
19.1421
19.99575
22.08287
8.79098
10.39783
6.47675
12.49919
13.98806
6.84329
15.82519
12.79834
13.89117
18.28468
9.18524
16.10531
14.3067
6.09605
5.73683
14.13196
14.93845
11.13446
9.90594
11.47301
6.226
1.53851
8.35625
14.07123
10.58212
20.99213
9.27078
20.02327
26.04025
5.03942
15.11756
11.23531
11.17526
7.94877
9.6236
15.77286
18.99259
26.35861
6.17319
8.32476
6.10031
8.14939
12.51948
19.3828
7.44428
12.51004
11.62305
0.98482
15.03837
17.88244
8.78378
11.87748
7.03364
21.82347
9.92333
17.49741
18.65158
33.62092
6.38965
18.62382
23.91393
7.96597
17.59919
3.73
6.87384
13.47797
22.30455
16.51834
11.01784
18.36963
12.053
28.01442
15.58359
9.4671
17.7582
3.62957
14.81773
15.44306
3.9538
21.69439
6.76668
9.28783
19.0411
19.32429
15.71414
8.78161
5.94963
11.25931
10.20993
3.80471
9.65562
8.63823
12.08167
13.24321
10.68037
10.52418
23.79109
3.80945
37.97658
21.05809
11.61181
15.29193
18.07714
10.89605
26.55927
20.00601
10.18912
13.94857
19.44206
10.91017
23.5247
13.36792
14.24613
12.90815
14.94488
20.19351
12.88573
15.89841
6.95475
3.78152
5.76658
14.12757
21.36751
13.15947
10.24572
22.1432
8.108
13.68631
18.72293
10.32425
8.04682
7.17585
4.30066
16.66333
16.29133
7.65263
7.02115
11.26297
12.22446
17.41673
5.46054
8.09907
7.78014
15.01786
5.49062
13.92412
29.03939
13.39782
13.74733
6.78132
22.67967
8.14811
13.33222
18.95419
28.56461
13.41177
11.43997
19.78721
26.35317
22.28523
6.51958
8.28206
14.94622
7.08766
24.27279
8.96979
24.37994
18.1717
19.4158
7.71965
12.71952
0.82661
4.25774
11.71493
14.44159
13.67474
8.78532
6.56589
23.07302
9.61547
7.56721
11.57504
16.14352
18.60226
31.60571
36.19458
21.55364
25.38708
19.81136
8.16673
8.94581
10.8603
7.43532
6.04193
10.66401
20.72285
9.03091
14.53904
2.85556
22.1302
16.97492
20.11096
10.57253
9.44412
13.46921
9.45956
22.03475
5.58268
10.61229
21.69195
21.72217
8.25331
11.86972
29.43509
10.63827
16.11073
13.79644
16.78115
9.61402
6.49859
12.04022
2.7084
15.48505
21.30243
10.2629
5.79255
17.17526
6.72079
19.9406
31.33054
9.24797
19.63437
8.34089
6.45321
11.78393
10.61338
11.71566
11.25658
9.7074
19.83966
23.59461
13.27765
14.97345
17.96428
7.27402
8.44326
10.71691
16.1559
11.02182
11.44611
13.37391
14.1962
18.16081
6.8056
9.52901
8.46948
12.13063
27.37024
18.35913
11.77449
12.90654
1.68343
7.24425
19.00041
10.57663
32.09751
25.50145
12.50787
13.24029
10.30111
16.31872
3.46279
23.05433
8.98922
6.09747
21.74919
8.61652
24.31531
27.66953
14.42879
21.18733
8.51385
0.32212
5.12434
8.01332
22.06918
10.37005
18.82047
12.19111
15.42608
5.25525
3.0372
18.82004
17.74629
20.59529
11.91826
4.27926
5.506
8.95582
9.77072
5.62997
21.89503
3.80441
7.50757
13.79622
30.02761
13.69394
1.61214
21.21939
11.97887
21.9034
21.33992
14.09366
12.83521
21.11944
9.78234
11.1195
11.99656
14.87947
24.98733
10.48198
18.19676
11.516
15.85067
11.76626
2.39462
18.59736
0.66055
6.58876
0.0003
34.43236
8.56967
22.12506
26.10475
12.23381
20.10807
6.98998
11.69397
18.84156
9.95864
27.33239
9.05002
12.15663
12.0563
16.79967
13.44361
19.56182
10.28669
20.21104
9.20034
12.74408
7.41933
9.93674
16.88149
25.38457
4.48347
11.36537
24.72268
14.36216
16.11396
10.25916
18.92995
7.3197
23.12329
12.05698
8.33121
7.16974
24.31169
9.18355
2.45234
10.4964
17.06783
5.21426
5.24824
10.21862
17.35314
12.40589
18.03382
5.15102
12.7929
27.71674
3.52175
11.81367
22.04778
12.60691
27.20518
5.65138
11.82218
1.84452
17.58968
22.20247
11.56982
6.60033
21.16358
8.63779
21.57057
14.34207
11.77687
12.34584
12.04552
9.36122
14.60942
27.58845
17.89743
5.92827
6.76395
5.78096
8.62633
14.17938
10.21807
18.10797
9.07301
7.31925
8.27877
15.21541
9.41602
7.10921
9.48202
13.30972
6.89953
12.19458
15.73268
12.76869
10.1084
18.3782
5.17833
18.46579
19.0087
13.99397
24.67038
20.67064
8.66949
15.18918
1.48604
17.12311
13.64634
14.21231
5.4677
9.5644
12.42691
17.98516
31.84895
15.34203
9.08644
5.86381
10.35132
15.9129
10.91889
14.17339
15.19748
26.47859
8.00169
4.96205
20.06394
20.48688
10.14091
13.41381
11.71637
22.69621
8.8428
16.98113
9.00711
11.91787
20.07715
21.94959
8.30115
6.59552
11.47186
25.4756
9.08796
11.17876
13.95126
23.27339
12.67347
10.81655
20.36427
12.77524
15.15086
10.82777
9.65436
22.73387
7.45962
13.59743
15.12874
14.43689
15.74567
15.41376
10.57804
25.58414
7.82635
13.58535
9.63788
18.43751
4.22206
20.00079
13.65677
10.67365
10.03881
16.94955
15.0033
9.03116
11.21893
24.7346
3.32576
7.45458
8.69313
16.00952
36.10257
24.08443
7.14322
25.02796
5.10223
10.85537
7.58668
10.33758
6.3375
13.23301
22.31568
9.65547
13.82927
5.57129
7.51043
5.12829
4.8503
6.0341
20.71824
2.8224
16.09933
9.59495
12.83994
6.73181
18.78124
2.67786
23.51678
9.06663
18.63652
16.73508
36.12062
3.6313
20.4578
12.01419
28.49956
20.78887
14.40361
12.42284
22.86709
9.09433
18.71653
20.49367
12.3599
14.6153
9.98863
3.55798
12.22008
7.66989
8.23247
12.27694
9.42261
14.92495
23.41426
7.99842
6.60861
16.42827
26.58958
13.9338
23.80044
8.52172
22.75921
10.35954
10.79564
5.32724
5.79301
12.25155
2.22532
4.3195
5.68497
15.09632
16.11864
15.65137
7.64017
12.17563
14.21354
16.58551
16.12683
24.55234
14.5673
19.76135
8.01444
9.80916
5.77536
6.00316
8.27362
23.27782
31.99193
8.28469
17.28828
13.2287
13.51771
11.22877
10.14988
22.48669
6.81663
18.10373
4.86576
13.88116
14.83128
20.22295
27.67538
6.56898
12.98495
9.74924
24.33634
3.57597
14.17327
9.49509
10.83637
17.66025
16.34218
7.96623
7.4616
21.23502
13.34666
18.30002
18.7139
44.92608
7.09869
16.8459
7.83407
10.98753
9.98604
12.80479
13.91942
8.25462
18.13926
15.22905
6.84276
12.42077
27.26548
9.23303
11.73488
11.78577
7.17122
10.45516
6.68324
28.80823
11.21723
12.92772
21.25004
16.99725
17.34073
13.79708
13.4645
19.21738
1.29637
13.6436
19.55616
21.39729
17.12859
20.32575
27.96969
7.08384
9.31184
13.34588
15.95095
19.0663
16.48372
14.00598
20.26191
11.39415
24.64874
8.27366
24.35447
13.35095
6.97615
19.98968
12.18052
10.84377
21.63615
14.39663
25.13649
25.40743
19.24106
3.72597
22.4369
15.38371
21.90802
21.99577
11.84569
5.33326
15.48732
16.26786
5.26555
18.25046
13.71558
14.13172
27.96873
14.47083
21.87281
3.71
27.24056
3.16547
24.9337
7.60034
19.87599
26.20486
3.58088
8.60908
9.8695
11.54135
26.38298
20.66362
4.02695
14.85843
7.94809
0.01751
0.88367
10.10701
8.16187
5.91307
16.51879
6.52191
6.39914
6.87963
16.55859
27.01786
26.79043
24.5093
5.32509
6.99491
23.50445
17.90101
18.53197
14.07889
11.05994
9.17691
13.55143
13.12229
23.02109
4.36854
9.75823
8.10391
11.49495
24.35983
29.2745
26.28655
18.21479
4.80832
8.5674
11.66449
32.31359
19.04498
8.73621
12.66108
15.224
7.93424
14.74466
22.16775
14.8654
12.05133
21.06456
24.30624
26.62966
19.39685
12.39506
20.02934
9.63098
4.03622
7.39939
3.66723
27.04303
14.67079
16.16431
21.57711
22.10999
22.61823
12.02692
16.60845
8.69652
22.04394
10.752
17.18846
11.1096
18.21027
5.68312
19.09917
12.71027
3.64129
4.61531
9.75681
4.83848
29.89361
14.85169
16.03742
12.26818
8.34826
8.48201
0.21174
11.47967
17.65312
13.22445
12.13912
19.01031
14.01461
6.33717
6.71863
25.33059
11.64354
9.03283
24.95922
7.91957
7.2819
1.77824
17.84586
6.14241
7.01007
13.35887
9.03803
10.2813
13.4928
23.37674
12.94413
11.54565
15.67244
18.57533
6.76504
17.48907
1.12388
12.12073
6.63153
0.70105
23.64088
7.94435
12.24743
10.90651
16.65325
17.17333
4.74759
13.98708
14.68404
12.892
22.10777
23.05488
7.80637
12.66187
17.88899
8.77041
11.26876
3.37547
10.47115
6.36504
11.86223
16.82845
7.8494
19.16696
2.9735
16.87552
12.63547
10.30898
14.77869
13.96852
11.60172
17.251
16.23892
10.01438
15.81417
4.97161
10.38015
11.78385
10.18203
16.85371
21.10606
12.99802
33.01604
13.57219
5.7494
4.80599
19.27281
16.84589
4.14313
24.05436
22.14678
39.03658
32.13853
12.47409
23.99716
14.29201
7.33756
9.6834
20.18464
12.82375
7.86344
20.60225
7.77995
20.96642
10.04921
4.06959
10.27631
14.37527
20.94979
12.10428
11.67325
9.59915
20.80737
13.81178
21.16302
8.55789
12.91993
10.44059
17.36308
19.60218
10.68944
6.73066
7.2973
13.78822
6.43099
8.29844
19.22405
10.64027
22.75657
6.26724
9.18542
6.12111
14.78151
19.12112
9.88266
12.27335
13.68347
23.04668
5.14661
15.69081
16.63324
14.57749
5.38575
7.30658
4.50235
24.19738
19.42683
8.21559
26.79785
11.32849
6.43408
13.44227
13.33349
28.79326
18.79481
13.76206
2.56468
15.03767
17.62208
14.02261
10.81606
14.22947
12.10909
21.71616
17.93912
28.98649
18.11017
6.56092
16.46957
6.51629
1.02912
26.98875
9.09616
9.42196
10.39771
14.98745
13.52393
14.95809
10.04364
20.22355
9.45755
11.63201
12.64073
16.42159
11.59525
17.67725
5.70705
6.03864
19.36033
6.76551
14.63684
28.63283
13.5771
14.46273
6.03021
17.90019
8.80679
26.57521
21.97968
27.78686
12.22881
21.70607
14.44614
8.06378
7.01085
3.1314
10.42065
22.02662
12.02384
4.1755
12.15017
24.57699
9.52939
11.10881
7.16
9.80169
18.34559
12.47287
21.87137
3.53333
22.02467
10.59032
21.53843
6.55789
6.02566
8.04532
19.95572
5.34267
9.69322
14.67304
9.34338
25.6772
11.33368
9.71246
8.6489
10.3705
5.60429
4.36045
20.58569
16.24859
8.31547
12.98319
7.35375
28.82696
20.94645
13.12358
14.25724
13.53819
19.81605
14.94819
11.35671
12.96661
11.89514
15.80828
17.64783
21.44291
19.80424
11.80846
17.28759
16.75752
10.63121
13.25104
17.32338
10.38253
16.3215
1.93772
19.03491
15.50732
6.1226
23.56355
20.98397
6.04314
2.04964
18.00475
15.96801
28.5591
25.99884
17.43391
9.0725
14.62791
7.13724
8.5052
5.17702
14.34615
5.77339
7.78167
23.90444
16.83414
27.93267
6.66577
14.76777
13.92312
33.32355
8.05497
22.01278
22.21575
20.83991
21.96361
9.60392
20.91178
8.46078
17.07323
15.51999
5.25964
11.02856
8.11311
13.14192
43.65237
10.27409
6.95619
13.66726
0.86026
12.41687
9.98132
11.91518
15.24527
8.27028
17.55648
8.15791
21.24183
12.09822
10.92729
11.1055
16.39095
16.63936
26.25575
13.57397
26.51666
17.70075
16.00254
20.00929
8.15759
12.24265
11.25701
23.6304
13.27736
20.65481
14.03587
17.84113
13.50984
10.18155
25.2609
25.60879
23.38788
22.4168
18.1705
10.86446
13.43329
10.294
30.06277
33.09682
9.51065
33.17567
12.78289
9.57361
36.34106
3.62624
14.14567
16.3778
12.58648
9.57737
11.55442
8.07034
30.66289
32.26793
4.86656
24.05074
6.4631
8.9056
8.01463
21.78903
33.12508
8.95186
9.35258
5.955
5.33687
16.73322
22.48697
11.52426
10.61464
16.94013
26.14198
24.11065
16.96642
21.19081
21.9741
30.33369
9.87568
21.0656
9.1116
14.03116
18.12469
8.3568
14.92624
14.45955
11.66877
17.5612
10.583
11.05233
6.48929
17.61288
23.3234
19.92145
14.80815
14.09087
3.04617
15.39873
16.75193
4.7677
18.75787
20.73595
15.61871
14.43894
10.88967
8.95517
15.20688
5.43512
11.76662
21.85008
18.18337
17.39658
9.09599
4.57157
7.83121
9.52305
24.16048
12.05465
17.60296
10.32728
19.76223
8.71559
13.53485
9.8056
1.29581
19.94435
10.19629
24.27938
6.64238
6.33044
25.4017
9.49169
15.83337
17.77244
12.34005
11.75862
3.46858
19.51439
13.7966
12.50539
2.77461
9.95931
8.04052
3.30196
8.5832
19.76536
26.72559
8.30553
14.55535
15.70262
11.87928
10.12675
11.59559
15.85338
21.2406
7.78104
9.03839
7.97317
18.17952
13.42878
11.0475
14.70462
12.55658
3.18689
10.91414
6.5548
16.38498
4.70851
10.05219
19.36117
20.50536
27.02814
17.83187
10.67869
18.8724
11.17754
9.50852
6.37168
12.72609
10.91544
8.61491
14.17274
23.27289
24.3036
15.34941
21.8249
22.33057
8.19278
14.76926
26.39195
5.16255
10.47844
6.07119
17.38046
10.43826
10.29681
6.46047
24.46515
7.37373
4.98866
21.63254
10.73335
9.21905
9.98925
11.753
14.184
22.40804
25.79129
7.83775
15.70668
10.51156
10.26103
5.37579
36.92294
10.39309
8.86991
24.76051
18.76396
13.51846
9.26324
5.72134
21.50814
23.58954
13.83713
3.23047
7.68477
2.70733
8.81729
25.39892
9.11329
14.12952
15.58495
14.49963
11.23697
12.65343
23.00402
7.02911
14.66272
10.20841
8.01092
7.37271
11.1771
12.08819
10.16046
7.56097
12.82878
8.84473
7.7873
12.6546
29.52257
10.73586
14.55003
19.98037
4.17795
7.38241
13.19962
7.11069
23.17451
9.65583
18.24685
25.69994
1.931
12.45178
11.45189
13.89443
18.15633
8.04997
12.37442
2.08189
11.21852
18.17728
21.41155
14.5705
13.00787
11.81355
10.17276
8.48086
7.04784
20.60173
19.84227
5.32219
12.39929
15.63473
9.73781
14.9998
12.24324
19.00633
15.50449
19.68844
17.9064
14.49099
18.39329
1.87203
15.95234
11.91402
9.09659
14.02278
13.15095
16.30507
6.89413
9.26244
21.09584
11.00921
4.95239
13.62586
15.39253
3.22826
5.93408
16.52039
21.395
13.987
13.57094
25.15693
16.93038
10.77303
11.82653
13.14424
15.76408
16.55704
9.58997
7.52733
2.67013
26.10896
25.11731
15.02209
11.75866
11.08999
19.36128
18.37557
10.77845
32.06049
8.74064
14.28502
15.61737
6.81306
18.60059
3.57924
12.32702
1.54978
7.28631
9.60555
15.78626
7.42651
10.06608
10.3384
5.79519
4.35732
16.73718
16.78075
7.49495
21.57252
14.68035
20.4402
10.16882
44.37798
15.56954
13.63453
7.44792
41.81829
5.05013
14.50931
4.79415
6.13908
23.83346
6.84602
15.41057
23.60956
17.82529
25.93342
21.76827
26.25586
23.22932
7.99479
12.15209
9.95648
14.88237
21.53202
13.56001
15.30913
25.17681
13.24633
8.65385
10.00495
10.88963
26.00324
26.32786
8.95569
21.75515
13.63012
7.9587
46.06317
21.93661
19.36774
12.0094
23.13105
16.38618
4.45786
28.68165
12.92856
12.47824
8.20904
14.63858
10.14343
8.37565
25.80381
16.84694
15.2247
17.18752
5.51543
18.17732
5.0245
7.43516
27.05926
16.96268
8.53902
9.42723
15.59791
3.80358
6.28114
12.2026
7.37133
25.85331
12.46388
7.53752
25.26595
11.52583
7.13385
17.76604
10.52741
32.19382
18.08221
7.13096
6.36362
17.97836
11.40736
18.15695
6.6475
14.30158
24.13645
11.6316
12.44346
14.57111
9.52639
4.65765
10.91624
10.86496
15.74663
6.99465
9.85144
11.7761
25.89571
26.4529
4.21426
28.38393
11.00077
8.8498
14.44387
15.82345
12.66047
8.82149
15.85401
29.80565
10.38407
12.3097
19.79586
17.0162
15.46459
17.03166
13.63454
9.28444
13.47911
12.25332
16.5071
14.04754
8.88554
19.06537
10.9977
9.93603
4.10139
20.80481
19.20518
8.18719
8.7911
26.01327
10.93279
4.73905
20.28615
15.39422
10.60694
16.70368
29.00016
5.04398
3.49381
11.76228
10.89442
12.93758
19.14649
17.09122
13.92247
12.64505
24.04186
6.88591
9.58307
15.51748
10.63176
8.12996
29.59064
16.00066
22.58565
18.23173
14.00493
6.72371
12.47239
23.60357
8.66542
25.20728
14.05063
4.67285
9.29346
16.80675
4.31932
6.35977
8.15857
16.4639
8.71648
13.71434
12.81211
12.85541
16.63038
9.37227
12.41875
4.99184
21.62518
6.06762
13.60566
3.38838
13.3231
10.14696
23.26173
14.26055
7.73972
18.44854
2.30706
1.42275
10.31961
14.15848
8.54431
4.82132
9.25459
6.91084
15.12394
5.56962
6.81566
15.31269
8.31586
9.93903
14.18766
19.82584
8.11584
9.09642
3.47356
13.95907
12.40611
20.41289
8.46956
12.563
23.4441
6.13451
7.93391
5.79493
20.48225
21.20488
13.88046
12.84224
8.64868
1.26958
8.23137
2.43389
3.32814
10.36016
12.15857
14.51234
16.21876
17.67852
18.79989
24.62163
18.18748
12.05852
5.22355
23.26564
15.7988
20.46409
10.51473
10.23635
7.56917
17.34735
19.67394
11.47206
24.1824
10.18172
10.07692
9.83198
18.62505
13.69391
23.52868
19.32293
5.84908
5.36422
13.32372
13.1709
5.46024
14.45454
23.12503
8.28721
3.87016
7.10358
8.63184
4.50993
18.06873
9.28908
28.52963
19.0162
14.38581
33.39374
32.53446
28.6173
9.6968
8.4502
6.54117
19.92588
23.0192
14.24136
13.01059
4.05671
16.72915
20.34464
1.89449
17.61888
1.83362
13.29413
21.55016
27.0611
4.07477
15.82186
5.73085
9.72336
1.61536
8.15179
12.56862
12.00907
10.53971
19.56462
12.42471
5.4158
11.76823
9.2228
21.40034
26.96984
26.06423
17.59335
25.91809
14.45841
26.0199
20.09338
8.83112
9.20864
20.77486
14.61472
21.27784
9.55397
17.59633
21.93631
18.85194
20.78315
12.69765
13.83235
8.826
8.57956
16.78687
10.28885
8.03713
13.24531
16.62782
24.29421
6.19158
18.50844
13.64725
13.47598
24.57505
6.69922
16.74245
26.47841
11.1036
10.20059
8.66577
9.72807
19.17152
11.60531
13.45957
13.92252
20.28945
14.61782
10.82264
14.49885
14.68946
10.54839
6.35423
15.79948
19.59412
7.89397
26.9554
20.88869
6.5827
15.33284
8.65533
11.151
11.50141
25.09623
14.83192
15.28055
7.21578
20.75333
9.86469
18.75949
27.72207
17.58415
8.15593
10.24573
16.04647
3.74634
5.8833
22.93104
4.08994
41.92969
21.9555
9.87499
19.47412
4.25976
16.01745
19.77636
17.32324
10.31407
16.42898
14.15173
8.04133
6.99441
14.96961
5.47192
31.51798
12.23218
4.85819
12.6455
3.92222
16.467
23.65401
17.58376
8.78966
25.29855
16.40559
22.33242
15.7629
13.18141
5.23158
8.46632
13.43527
16.19555
17.68136
6.69006
12.77229
18.59932
19.24241
20.06584
15.41735
12.7595
16.74354
15.47308
21.48967
13.98642
22.12436
7.77792
11.5584
16.79959
3.39868
16.37403
30.23729
19.76278
5.16943
17.67385
23.35967
1.68338
12.96729
11.67711
22.05718
11.47152
13.70204
16.66391
19.6434
12.22751
30.90944
5.17702
20.50063
13.86395
7.8239
3.74219
5.50971
6.78408
10.79535
9.30476
13.84362
10.10075
18.30199
1.53396
14.68843
34.44304
11.89423
10.87597
13.19351
24.96954
20.34123
6.89801
5.43466
32.10533
27.59679
18.28226
24.73492
5.23911
10.09896
3.16968
17.69545
21.27561
17.90624
9.964
3.39742
15.01701
6.1755
5.34158
8.09246
8.75826
36.7398
7.99128
21.4258
7.63559
8.97553
15.88134
15.04153
9.30115
23.65569
10.7259
2.92406
10.06067
7.96706
12.33355
13.15646
11.97581
16.2673
9.21277
14.92073
10.11308
25.97019
13.85678
15.87842
7.63489
24.68068
4.02965
22.92884
11.71161
10.36766
2.09035
5.80249
4.86918
11.09131
15.477
8.62378
10.2605
18.20249
6.36319
15.81112
25.1272
6.4185
27.621
12.40947
19.14534
36.31823
11.97305
11.03626
10.12575
15.47308
14.79138
8.11596
20.43784
12.08736
11.91664
22.15867
8.82433
24.50066
8.28489
10.76791
9.37039
23.98886
21.18639
5.3165
16.50713
15.17846
13.34615
21.89369
14.80413
0.79634
9.17821
9.91263
16.01629
12.16191
15.06816
25.71517
23.41204
19.31142
18.92411
17.67676
17.72162
15.18226
23.77892
16.78706
12.24037
19.72176
14.24726
16.67309
16.72629
14.9439
5.17876
5.16901
16.1869
2.98522
11.77583
16.81251
12.62566
6.9606
7.65019
10.4451
12.0463
30.68846
20.03215
17.1799
4.721
6.84255
11.00996
18.26452
10.46775
17.87907
11.92299
10.88581
9.46187
21.18028
9.94372
4.89718
12.27491
15.69839
9.8902
10.20428
19.89334
10.77374
21.6595
12.95497
11.89531
14.87119
14.18565
10.73711
22.02832
7.35665
6.238
8.0005
43.74908
22.57783
31.81539
18.06458
15.92845
14.00623
11.14929
19.17981
15.908
8.45892
18.3266
12.4769
14.88219
17.82959
18.18339
14.26095
18.07293
24.09155
14.7181
10.41366
29.15593
7.70297
19.45341
16.63185
20.55864
8.01683
20.97552
17.78342
16.77915
3.98855
12.72431
2.3752
18.85713
44.99924
22.18564
34.51465
13.64543
6.60137
22.0192
8.76796
18.81623
10.80112
5.93582
25.42046
30.5192
24.24134
23.40249
16.22107
12.32731
12.00203
2.77568
14.9233
18.91145
17.99105
12.53872
14.89018
16.79584
17.64003
20.00071
4.21074
5.54559
14.34593
20.84215
9.46225
12.57033
19.4177
10.83625
18.04444
16.35098
5.31473
12.24657
3.89832
16.41181
20.16547
10.42729
10.20006
7.15927
6.31315
10.27648
7.50829
4.10302
10.0459
7.33266
9.56154
6.49549
20.66936
7.46852
4.32811
12.48483
19.82062
18.4421
11.19425
8.48749
9.96379
10.07933
31.29063
11.19512
20.72371
16.84876
11.47219
21.7497
19.2788
19.62192
9.90267
16.24636
9.64302
6.2569
15.43707
10.06665
1.51489
8.41461
7.5023
3.03109
4.1084
11.93455
26.22628
10.07817
3.22885
8.06319
24.7576
21.94611
15.04017
7.54838
23.71453
14.60906
8.71901
10.51228
21.28977
20.99933
7.26088
10.99689
16.71655
17.69352
6.85404
3.13312
6.67359
15.89608
8.86036
27.68072
4.92808
12.03948
14.80116
22.56281
4.6879
12.4493
8.19869
5.00959
6.20197
12.50021
9.26975
11.47589
16.87137
13.58928
14.26898
12.76865
17.09197
2.03174
20.11971
14.04841
13.82158
21.19683
10.70368
10.47097
32.01139
19.47233
10.33979
20.90441
28.54071
25.09864
1.51351
18.33362
3.58118
22.17734
12.66306
8.44735
12.77145
16.50507
19.89036
33.93128
14.16486
1.91459
17.43989
15.77405
8.05774
17.12203
15.5842
10.74856
5.56939
13.85793
9.171
15.20373
13.56268
20.38181
14.40211
7.70127
14.47952
8.7279
12.80334
18.06706
15.82807
21.35139
9.44505
12.34832
9.2215
10.34397
11.71477
9.71119
16.37211
17.83434
11.9098
13.60244
12.10618
2.95909
8.24301
14.55334
1.6702
28.99318
4.36835
18.73736
3.06632
7.74793
14.41758
3.06607
24.37602
0.24918
15.77574
7.77584
28.42257
17.80163
23.80569
18.42732
18.87645
24.64979
17.12546
8.5583
10.37645
5.62038
3.19662
25.4156
10.31603
9.24314
19.14947
3.4405
6.85136
7.42146
13.55312
21.19544
15.27229
22.79718
15.34114
18.62286
34.42007
15.67705
10.65861
6.8678
17.39485
5.63969
20.30367
6.16972
17.38237
4.1703
4.86568
6.57885
8.04011
8.62788
11.71732
6.87011
8.90065
4.7149
20.23328
14.47204
7.14323
6.01365
37.42317
17.2627
17.31975
14.90663
25.13802
20.58346
13.59673
11.60852
24.78179
14.66688
9.30886
5.59283
10.95734
12.37313
22.16161
7.50915
10.9086
9.91346
19.04582
13.67143
12.24128
15.85293
15.73867
13.11281
15.66472
16.61192
14.4916
24.49017
7.36606
11.23556
9.11304
11.24893
5.46008
8.8561
9.52701
19.40921
9.94253
12.31531
12.93122
16.38927
19.24877
21.31446
4.96146
22.45401
9.06521
6.20027
7.08761
13.92311
5.73308
17.74646
7.63976
35.28365
19.71413
9.07599
9.63858
6.93508
11.96471
8.87604
9.52789
18.83736
5.27177
16.37619
13.22782
15.16238
21.3943
7.09026
9.13023
14.72859
24.65444
17.77915
11.02766
16.13742
17.31383
10.27746
9.45932
4.90485
11.43166
11.49478
4.66691
13.50345
5.56503
4.48024
7.15834
26.44668
20.79129
12.74938
9.25725
20.48287
29.52669
17.45784
12.13041
15.0088
14.98128
10.01532
9.3707
12.91265
15.64214
12.3942
19.2038
24.89359
17.42288
26.8646
17.63003
12.32232
16.94217
12.57942
10.41613
7.32216
31.75787
15.4925
15.46244
9.42297
22.36382
23.09118
9.73939
19.54601
22.57363
9.223
9.09809
9.58522
31.87239
24.86422
9.31226
7.70079
10.87233
16.02774
7.14194
11.56043
14.58043
9.10915
17.92852
13.90321
18.87929
29.18946
20.88676
8.41481
5.30637
13.22158
11.97674
17.31014
5.84466
6.0306
16.7808
8.52662
20.34122
14.48324
9.7554
13.44791
15.24888
8.2763
13.53623
12.27425
22.08674
13.14837
10.92301
7.65974
12.57735
10.13351
17.24622
21.04718
14.19071
8.00274
9.47153
31.56743
14.56172
19.44853
4.75511
13.67812
12.77581
21.36719
7.94988
12.91028
18.81157
15.08645
21.14598
6.90688
11.86327
21.73451
16.15181
21.00411
19.32888
12.49328
15.25552
21.27462
13.14419
18.082
16.23754
31.8197
19.8447
16.48681
9.84305
0.77274
6.79712
17.33049
2.97936
4.66176
8.11265
5.6243
8.93807
19.5653
10.70367
18.49547
8.70935
2.04909
20.28316
18.13742
7.76911
13.45426
21.61047
7.99876
14.22088
20.94269
10.2043
22.25259
22.14409
29.93396
21.52791
8.51312
24.8273
4.89817
10.70229
6.45496
27.4973
23.5306
12.18456
7.81313
26.46848
11.71395
27.76314
21.3087
20.44776
8.36368
6.86947
6.39547
3.91999
16.34702
4.37248
19.27248
12.30725
14.55379
31.50322
14.16041
9.21858
12.45071
11.95857
29.51327
7.80764
12.4544
14.9136
20.03125
9.95321
29.59217
11.33206
9.24827
12.12624
18.2225
31.40032
12.41479
7.31535
10.40341
12.2411
13.93804
8.18535
6.17838
8.76151
8.64415
15.18449
15.23556
15.17526
10.69251
17.63806
13.69485
29.40764
10.54946
28.7603
16.7181
19.44728
4.70277
17.80548
20.30087
21.48858
20.30068
11.72304
7.03571
22.52686
6.59998
11.1512
18.51661
17.94145
8.46159
9.64259
30.6327
4.07318
3.56991
27.3857
2.74041
15.33232
5.33929
9.03609
2.66913
12.27414
12.80726
22.57721
13.45073
20.58201
24.15858
7.35258
8.50775
12.34528
51.81027
10.52467
3.44031
10.0076
37.15195
24.46294
22.01692
4.3312
9.62337
14.43906
23.20069
14.04221
16.11181
9.67717
12.3633
3.78082
26.84962
15.64317
18.49548
2.01222
12.9566
12.81285
23.20005
14.31385
4.21639
13.80022
14.6291
14.69745
13.65071
11.27744
13.22752
18.09859
25.15756
7.88118
20.54086
12.75302
7.78167
11.10369
17.1982
14.56453
7.6113
21.79445
6.04709
11.21157
13.65703
10.61404
4.20233
15.02147
9.32659
28.12747
12.1915
22.38785
24.82385
6.18603
2.36758
19.28309
20.9206
1.11344
12.17735
33.16592
12.14153
17.43638
6.96837
18.28168
12.25075
19.69391
13.27041
11.24327
7.30517
8.11038
13.96204
10.10801
30.63856
13.26107
5.6074
18.99504
12.39441
11.37232
18.62505
26.71589
10.75393
26.70839
21.14999
32.89117
22.78831
8.56952
9.16264
2.49971
6.89035
15.4
19.93796
9.19162
19.84161
24.38355
24.45903
18.7476
21.08819
13.98948
23.59781
3.83138
13.10591
18.09501
22.98913
4.8455
16.96815
9.92225
10.67421
15.57671
20.6536
11.33241
14.56614
8.00209
11.20004
20.71724
12.75069
5.99426
7.27074
15.64753
2.46647
15.72124
11.19922
16.79093
14.87129
10.28134
9.5011
34.76331
19.69183
24.47517
14.23116
10.77792
3.81388
20.59537
12.8269
5.33749
18.32153
7.34907
2.57409
8.2752
11.61819
14.25081
19.34248
5.21943
5.02153
10.50057
7.04013
9.90358
22.41287
23.91932
17.6283
11.37772
4.48807
20.80188
31.27237
5.80251
18.58987
6.15493
8.3005
12.43549
5.8231
9.29078
17.29058
9.06757
26.33353
10.08638
4.6527
14.3015
18.7935
15.9271
1.72281
9.41487
15.72764
13.64504
4.03201
11.50012
23.43568
13.26767
21.23579
4.88497
8.94455
18.43593
1.15975
10.28107
25.65946
16.55279
15.44377
15.09873
30.50543
11.66272
23.881
10.8773
20.12394
6.82284
14.55209
14.56391
21.91627
11.72346
26.31634
12.6205
3.42744
9.62073
4.02735
16.96041
23.00471
14.72451
19.08289
12.80916
2.62478
6.23029
18.13933
4.36575
30.44553
15.32416
14.17529
14.38945
9.70767
7.90122
19.40296
27.14409
17.54297
5.43194
13.58361
14.80538
13.84287
31.07207
11.37434
29.82989
6.78333
8.3838
20.94893
9.45029
7.80819
23.58602
10.94165
18.8999
5.64138
13.07152
14.98467
0.80931
15.07665
3.05317
6.99527
11.99462
12.41333
20.45367
13.64044
16.50997
30.67161
10.3665
18.40836
4.8245
6.0239
4.50222
19.66905
12.26188
11.51909
6.19109
15.22252
17.40801
5.36144
16.82566
15.03911
20.2601
9.01196
15.94475
20.25166
9.69001
8.32691
11.79292
15.76468
9.51562
16.86104
15.8046
6.03321
23.95988
11.18516
8.90148
9.69342
17.34349
13.11484
17.37135
3.90686
13.65638
3.69053
14.00397
12.93904
8.7016
15.95452
16.23732
17.38173
15.16966
20.84549
10.17805
4.29947
14.85893
9.06264
15.85111
18.74068
16.813
12.60041
7.83183
20.0404
14.4643
16.92868
17.85916
13.05148
9.78398
10.64286
10.05046
5.48944
14.40521
21.29988
13.91617
7.33551
27.29174
15.64496
5.24501
9.52823
11.67124
15.21116
28.82271
27.37739
11.56583
30.75527
8.94319
4.71916
12.67364
15.4931
16.34346
10.11486
20.66964
9.61606
8.14666
8.93911
6.10771
11.30297
27.91472
13.13808
13.26156
4.00223
12.86233
20.53704
5.80931
25.33446
11.57726
6.68973
22.84799
14.68899
20.06364
21.47238
11.18951
22.10219
22.4284
5.19082
7.05676
3.88896
16.88274
10.38373
7.71543
30.66123
12.08079
2.38134
0.01958
21.92055
33.75905
5.32647
11.74568
0.00255
3.59225
25.05446
10.94444
4.13748
21.42078
16.73057
13.23119
48.95917
9.42578
25.50411
8.5083
11.7025
13.78309
18.49178
11.12319
21.31558
12.71586
10.77185
4.32981
10.69805
7.58538
16.4106
25.68573
25.15015
26.60641
13.41921
2.63105
11.0355
29.52534
16.10914
9.27727
7.20366
28.12211
19.57348
15.64587
9.99947
12.08483
20.2185
17.61978
13.21798
17.71461
17.63784
14.09713
28.71712
5.41719
8.88048
12.1776
14.53791
23.66033
15.9897
5.56694
26.4317
10.08568
34.24342
7.41961
2.85884
20.31276
9.09573
19.17225
8.52793
1.7554
0.22962
7.54366
19.97047
11.34353
16.63231
17.54357
23.22925
15.66245
8.14097
14.80028
15.36095
8.6181
23.73685
14.86114
4.25659
11.67565
9.36935
10.0648
13.1682
25.39215
21.96859
20.59665
11.75081
14.44737
15.85436
9.24313
11.94469
7.92812
6.46883
12.89749
10.65307
25.07198
9.86619
8.29971
15.98604
13.67195
6.95416
31.96041
16.75869
5.95755
6.47818
11.95736
4.04033
9.87839
17.57681
2.28145
14.20532
19.85581
22.89981
24.68108
2.9401
8.84582
4.78233
13.85783
6.00065
3.55023
9.9086
13.92964
12.59679
0.82496
4.07915
21.94267
4.69469
14.3977
11.63244
2.87378
15.75828
11.71544
7.54457
9.93844
5.11554
11.17527
8.94315
18.81325
4.43302
7.92489
32.83901
19.03776
10.22439
10.10769
7.25092
8.172
19.13871
3.88575
5.24235
24.16082
13.192
11.58076
17.08253
14.30131
10.68262
5.5562
7.83602
15.94715
31.29508
17.26617
12.49907
16.90624
19.98015
10.18055
12.85077
8.7974
21.92464
6.77418
9.18301
8.60505
28.12128
11.42119
13.62905
19.48671
14.18094
19.54607
17.31098
9.74226
29.55783
7.79556
12.40269
12.64621
10.87445
12.2054
16.71545
10.07595
12.04116
25.15972
10.37313
12.18092
26.66968
18.92725
15.84153
6.36577
25.6526
15.47264
23.14469
28.09393
15.75955
8.72201
6.56424
11.45414
28.13265
4.33531
22.59324
16.33594
29.3723
9.2052
16.36997
23.13021
11.36799
9.27882
27.62983
7.78746
10.08777
15.08
6.92206
2.37896
30.2963
18.22456
5.88021
19.032
9.84524
14.14268
6.35268
32.49707
15.74129
18.91848
20.51292
2.76342
13.11129
21.16526
3.73231
11.5238
34.2965
6.37323
11.72711
4.38018
17.84106
13.48298
16.6595
18.69798
9.50196
4.08395
11.25971
9.59613
16.40067
15.71259
25.66436
15.51411
10.62946
33.12972
9.45182
7.89613
7.74253
3.53415
5.71807
15.77977
10.22375
10.15009
12.68087
6.38409
14.46541
7.58244
10.77795
17.6097
13.73741
7.76411
10.05911
10.1609
7.32733
17.1768
22.2702
3.1397
8.80658
9.33999
5.13801
4.67034
14.50069
20.62093
8.69003
14.63175
5.67608
10.13581
10.21022
7.11928
14.59412
0.37728
17.28735
11.30376
20.05508
13.41555
7.0232
10.45823
14.88582
16.73177
11.01285
14.69973
13.69088
15.67357
13.62517
20.88028
2.87681
25.42185
7.9989
15.85188
14.99212
6.43466
10.63347
26.26237
14.56801
11.01567
11.33558
18.00759
9.50965
11.54663
22.62641
10.07693
14.74719
7.54485
12.53334
0.99023
10.21218
19.40031
14.60801
14.31295
9.56924
8.09295
17.2788
10.52163
2.85852
29.03483
14.50184
16.52957
11.59828
20.28554
12.25376
2.6004
23.44181
21.6342
16.29585
12.54893
21.16718
16.73766
13.8172
4.17681
18.54243
23.58181
17.60223
19.0398
11.41656
24.35803
10.59094
1.00603
10.26038
10.7392
11.90345
6.93095
10.34174
24.3325
16.86975
14.4422
25.34587
28.60334
5.93745
7.8684
4.4293
1.13968
27.05668
11.03868
6.42963
19.76554
16.31377
32.53604
37.72977
17.54717
19.2474
18.07584
16.72534
9.3704
6.2798
4.04821
18.47441
17.40884
10.12756
20.36895
15.97511
9.52393
26.1162
9.00391
12.30488
6.8523
14.83852
7.45452
1.88141
11.49083
29.30093
15.20909
7.32939
4.69934
10.07865
26.59811
32.49117
6.77853
23.28679
7.30811
8.32035
7.86293
18.2146
14.92358
13.02232
5.16714
28.93053
11.26781
15.74642
19.2084
17.6449
8.482
11.48815
18.09513
17.11636
9.93442
5.25872
23.55686
17.31977
11.93907
13.56035
21.51086
6.16816
8.44655
14.24095
18.46468
13.4752
12.87407
9.23655
10.7031
12.53032
11.02322
45.71208
16.20538
21.64094
8.13263
28.45186
25.84436
22.85432
13.74965
12.56527
18.64601
15.3382
22.00239
4.85216
24.03071
21.49085
17.32218
5.47948
10.10757
14.26913
2.86977
19.47111
11.57405
7.20141
11.24276
12.09428
9.0719
1.83276
24.85308
26.71703
6.16544
8.3639
11.95924
22.02035
22.20401
13.92178
13.66564
9.78274
17.58303
20.76158
20.08766
7.86536
9.93902
9.54724
20.79167
0.28691
11.01771
11.19444
26.24978
27.62127
16.11898
6.52849
12.35735
18.14509
17.25396
14.94463
4.76232
24.75145
26.01768
33.20093
10.9544
14.03725
7.12897
30.39492
27.55241
10.42325
7.79464
19.6036
11.63278
25.6068
13.2762
13.08741
9.90862
24.31005
10.32636
11.33263
2.96218
14.39563
32.86991
6.75615
12.47605
12.20603
6.29243
7.26775
27.81914
12.57292
20.91454
12.43466
8.52852
0.50658
17.52204
21.83023
10.31953
18.50624
26.01503
8.30305
15.18243
10.23543
17.25587
7.52999
18.18061
19.02365
15.74503
14.92203
10.10754
27.5634
21.04982
7.63502
8.15392
15.31365
13.8908
4.83877
14.1138
12.18558
24.88981
11.05877
17.14805
10.34784
33.5647
5.77523
9.27048
5.06862
6.70965
15.70654
25.6014
22.73578
9.2637
9.99825
14.54546
10.52486
22.39782
5.09434
11.64095
16.47965
12.99457
17.78594
16.37726
17.93091
9.40927
17.0705
11.50546
19.67049
22.83868
6.44976
14.46079
12.55851
12.05757
19.90658
15.70868
16.58426
16.32191
19.47224
13.8178
12.58386
2.32989
6.63601
10.86215
23.04546
12.72696
4.54918
9.78056
34.16892
19.75228
24.96273
14.77017
13.75268
21.75867
5.46091
5.01269
5.51132
6.6491
25.96965
4.59196
10.0313
11.67401
4.73049
6.16666
15.76092
6.0227
10.17323
7.93338
12.54067
14.05754
17.11474
16.49579
11.35828
7.77613
3.81313
22.81705
18.85972
11.02771
7.21255
12.96176
9.08167
8.54345
12.6332
19.53973
19.61066
19.52521
5.45132
29.02715
17.75387
8.33879
18.20413
11.89922
9.89487
13.59199
6.13831
5.71828
21.46204
12.4851
12.49628
11.65141
16.89582
8.18829
8.96158
17.10879
7.58654
9.6572
11.31209
29.38894
1.21071
10.77695
13.4342
12.48333
11.5711
25.36521
7.61695
19.15717
8.43194
11.25367
12.205
13.69118
16.55091
23.64827
17.06766
16.53663
13.56435
6.34208
20.90793
28.99854
19.76783
15.83006
1.83283
11.80215
11.83311
14.70329
16.92056
15.74521
10.59574
14.02831
34.85009
9.46713
4.93485
15.80224
6.79208
16.61376
4.78615
13.02103
7.7011
14.93901
29.32927
6.60664
6.34884
9.38455
23.69278
3.50541
10.22518
13.62275
18.53614
10.05518
8.69989
20.68396
15.83153
3.67269
14.29704
13.87428
15.29028
12.92278
5.11055
7.19904
18.63245
4.96515
23.21969
8.23576
4.90216
13.17279
22.24588
21.19787
26.96629
13.61735
23.70531
30.09842
13.29988
11.51917
15.53253
14.29141
19.37085
11.29536
22.66827
13.40325
13.86408
13.03371
13.15955
14.41113
11.75375
15.10981
7.9617
25.03259
32.28697
17.93596
21.90921
7.8094
11.94941
8.01738
28.91375
12.00257
7.66666
9.11429
24.15636
5.46283
5.00154
16.89676
5.57533
1.65618
12.72894
18.57036
24.17782
11.25589
16.82494
16.20739
16.83267
14.7591
30.2284
21.72179
4.85106
16.58291
11.95786
18.92528
9.48625
14.24408
13.97434
25.80075
3.65669
22.52109
7.04748
15.44588
7.46618
8.46383
16.96918
9.91065
6.31953
9.641
12.72344
1.75054
17.0082
9.73268
9.92034
13.30922
9.30812
9.92836
19.50896
23.69577
24.9987
12.70972
17.22253
23.12257
23.91706
9.36065
6.02412
15.53617
13.5825
8.37667
23.58977
28.26067
12.27952
30.35886
6.49096
9.18859
13.14423
21.62749
7.28057
8.70905
4.44644
3.16697
18.1607
15.63355
24.96325
5.28467
8.02807
10.72868
11.94852
14.76997
12.10524
15.09866
8.11467
4.22185
9.61732
11.38656
16.3005
17.89434
2.85111
7.98285
15.29237
1.32827
18.09071
17.88318
10.22324
16.48756
13.93175
8.18305
10.43621
7.10777
22.06225
16.37914
26.80822
14.17792
6.51425
3.48222
11.91467
9.68497
9.98342
9.81106
10.27163
7.25572
6.22024
11.56973
17.04119
15.61846
13.97976
14.67941
7.0131
3.85263
24.13391
9.50871
8.94802
8.97985
9.53504
20.61765
20.5554
7.04757
15.13318
0.66728
23.46946
16.04529
12.3556
13.8629
16.02599
4.11845
18.3547
4.83852
4.66283
22.394
12.7124
8.17635
19.58745
20.0286
16.28817
19.08998
8.82953
6.46649
19.42165
13.33511
31.79837
14.29252
18.33357
7.03696
14.48199
9.35238
17.02558
21.30231
14.58592
18.87252
10.35022
16.68151
7.61714
23.33731
19.00004
22.76717
4.84365
13.72988
12.74205
10.93559
10.63966
21.09733
6.73787
16.51582
13.50664
5.42758
11.02064
20.58065
15.03543
6.15049
9.28271
19.21737
7.49185
15.98294
21.45534
17.09583
4.15124
5.85993
21.41735
3.04914
11.0386
16.25209
1.3056
15.90536
26.90622
7.8308
3.2583
7.84916
18.88574
25.67288
15.01999
1.81984
19.31897
8.14928
5.80389
12.27867
17.94573
7.03312
15.87023
10.44778
17.69702
9.37282
17.32525
24.72126
24.68967
6.11793
1.91941
7.18992
11.4121
8.59402
8.5023
15.0773
33.63346
21.54568
13.56645
25.27716
14.05542
12.28319
9.95987
19.49463
9.26275
13.02499
6.27228
31.74761
11.97969
8.31829
19.538
4.52977
9.49828
21.01657
13.71878
9.94212
18.77566
17.78109
20.05561
11.30691
13.38467
19.61964
16.74024
12.72309
25.00246
20.29054
25.98155
10.23582
15.30263
10.08656
15.61742
8.11147
20.53354
4.6743
23.9025
8.56432
5.53575
11.85534
22.43428
8.84449
10.441
14.88356
17.51788
11.95044
14.24321
12.60612
9.63724
18.53289
11.91865
9.81922
11.61119
36.24695
2.83173
16.61528
15.89399
1.5128
9.0149
13.61548
7.25739
21.09802
17.29793
7.54616
22.12394
22.22915
7.99194
23.48621
15.36025
15.51931
9.84043
8.30053
24.87345
28.32195
14.52932
17.31689
9.66691
11.51663
8.7413
3.80863
12.53617
7.69395
3.58664
28.18807
24.04893
8.67287
14.21948
10.56032
17.58943
13.66009
14.73389
8.59685
24.38617
15.66449
18.71876
1.75428
18.98204
8.46663
7.69839
14.67926
6.9043
5.77619
20.16746
8.85309
11.31137
13.40771
1.72503
10.38081
6.63409
3.99728
1.77092
25.85318
34.78423
13.1202
6.62896
13.61222
7.50817
21.69285
5.19604
10.09054
3.94052
9.45526
8.72081
29.69784
3.42795
3.37793
18.56784
11.39343
32.09222
15.5643
18.25413
22.91469
26.27165
10.8767
18.76563
23.01521
15.24073
7.95917
17.22167
11.41489
11.90416
11.22681
7.23431
2.44314
13.75744
6.87553
2.31589
3.34282
13.76262
10.09549
11.89313
9.1119
3.47217
14.81754
18.114
20.26377
4.78877
12.2431
10.67284
12.10729
12.48683
10.82292
7.33393
13.68434
10.227
10.42133
7.02676
22.20034
9.84586
11.53672
7.44687
9.60696
28.10462
11.17817
9.70489
28.75667
20.94023
10.62814
10.70539
17.96878
7.96892
5.74236
10.16153
14.4039
6.69416
4.04451
17.62729
11.65438
17.98028
17.98131
18.95957
7.59638
6.95919
16.1196
29.65027
11.73568
12.02553
26.00711
4.88521
10.58762
19.47151
23.84757
12.94036
6.60199
12.96661
7.87222
4.15794
5.23253
20.72136
10.62065
7.80075
15.24567
18.82994
8.26163
8.59758
7.58828
22.75169
19.10533
13.39962
12.62784
11.9062
15.08704
13.41058
15.15433
13.72861
21.77008
17.26851
20.26247
27.42134
6.80726
14.77965
16.25725
8.89272
39.48097
18.52526
4.80158
10.24369
12.80241
20.17803
12.07969
11.53819
8.83242
16.38179
33.07797
29.99731
7.15577
13.28896
16.16602
13.33752
21.31818
24.49583
21.27322
6.27642
3.2884
15.85673
11.92812
12.17206
3.92942
9.77573
13.83585
22.92174
33.79101
13.96112
30.34735
15.53541
15.82343
27.07411
13.33501
12.72997
7.398
5.72453
5.67364
22.17313
5.95103
6.08144
6.5416
10.21612
15.1246
19.59038
7.20586
23.78415
16.48906
17.20346
1.61966
2.82555
23.80842
1.154
13.52909
15.22036
18.39791
18.22806
12.98672
22.11393
21.59481
27.52985
9.65052
6.46282
2.0096
15.9018
9.68388
18.07639
7.558
5.97904
14.43449
9.6212
4.71918
12.6367
7.4257
21.85883
14.09807
6.68769
23.79994
13.76397
8.82059
21.86258
16.27653
8.50428
25.28416
3.05044
18.97343
4.55834
16.74731
14.59066
24.43085
17.84489
13.15648
28.59185
12.82107
15.78004
6.56362
17.93155
11.94947
5.25614
16.82842
4.75474
22.82629
16.60005
13.13413
13.44169
17.85779
6.94094
9.54135
9.12445
5.27123
5.9985
14.19835
20.85148
13.35751
13.09912
21.29811
9.1052
13.8666
12.77088
5.41349
5.74572
28.39055
10.26785
21.86803
15.86167
19.9713
9.18145
12.97894
15.07507
9.23699
22.95162
19.9753
21.25421
8.08306
8.12387
15.47403
13.72032
16.71368
9.18821
37.81178
4.12235
19.80874
2.31818
11.95761
28.68528
8.75727
9.7051
19.85525
11.06691
9.58066
7.47811
20.70498
4.46037
29.01575
9.70995
21.46397
40.82646
14.52266
4.93675
1.90309
8.22737
11.71554
21.63551
9.04746
27.16826
5.82653
18.15455
32.28611
7.22091
14.01568
10.16452
12.20452
2.04256
23.72643
7.38117
20.28709
7.06874
16.58725
9.04776
5.26173
10.30821
4.6409
17.4739
3.84408
10.68119
21.05137
9.88814
12.52174
17.59344
10.54828
4.91165
17.44869
23.13062
3.24444
21.75139
21.75096
16.29158
19.38841
16.29434
48.19196
19.27133
25.63667
4.60476
8.01875
2.88675
4.14422
19.32146
15.56438
5.45823
15.02441
9.70994
15.59839
10.55038
5.65135
4.07637
8.3376
16.37635
9.83946
9.39109
12.26884
15.92097
13.78717
10.59796
11.69394
24.62554
12.65842
13.71744
7.16397
26.16824
11.71551
9.53556
18.03312
17.62107
5.20325
1.2829
10.2328
10.09515
19.99214
10.85729
27.84131
17.87121
10.39125
13.43015
21.42812
8.90759
12.85506
15.80484
13.09119
15.30038
10.28853
15.98431
10.24652
12.78495
18.1776
7.8181
21.81461
18.53135
17.89873
26.00394
9.46568
12.14477
11.21503
20.63385
6.70694
13.94375
11.52093
14.58461
8.57955
21.12969
12.51373
4.85313
27.59912
20.87076
4.77961
41.61678
9.64045
16.927
20.29414
11.36564
23.91898
11.25918
17.55527
10.39554
19.43102
19.66278
13.29341
10.24212
5.65162
19.87341
22.59147
10.71939
5.86117
21.17414
10.5769
18.15775
11.05217
0.77634
29.13739
5.01481
13.50034
14.47737
9.32149
12.33444
3.87982
11.57215
24.85996
1.91888
11.87004
8.1983
14.72303
22.24452
22.7086
12.92507
15.78306
22.08594
1.86218
11.76489
1.71331
14.98646
14.6734
5.10573
12.43732
13.61492
5.15304
6.95296
14.27705
27.97305
19.13627
21.36586
12.91096
18.12113
13.2869
21.73103
15.02098
24.58588
11.79135
7.63625
17.84553
11.94787
14.06968
2.63414
14.16661
7.93885
12.93523
23.53183
33.9098
24.92682
4.53195
7.75995
8.23988
26.10833
10.34703
13.10057
18.9677
11.69513
7.97498
23.3263
35.30532
12.46189
10.96792
0.99452
13.06165
8.86784
12.63363
21.38574
10.12241
23.91376
7.89749
21.02935
16.64268
28.19843
19.78894
10.86289
18.94247
15.64094
16.02772
4.20024
15.64256
11.61692
10.88063
16.26371
12.93493
12.88954
33.1368
9.73784
15.41351
6.02234
7.0474
10.64411
16.04766
9.61925
8.40624
25.27872
6.80614
16.42227
6.76669
12.19693
6.27723
18.90833
11.97118
33.97423
19.15678
23.46962
6.91192
12.5496
25.68744
11.70048
0.0289
15.97699
9.15736
16.09495
27.86606
16.29346
7.49113
12.44886
5.50265
9.93694
12.2507
4.58923
8.37462
5.22106
19.49823
15.85883
26.75687
9.63794
7.79172
18.23484
10.91649
16.59634
26.39644
10.59152
30.85132
6.10425
8.3682
8.02924
11.34657
23.92082
17.07921
15.72394
15.34918
14.74982
10.21605
11.06346
7.24364
9.00844
12.52253
14.62997
12.88491
3.76599
13.42591
25.32428
31.53008
5.91086
8.69303
13.57188
24.76464
10.33802
13.22456
24.8128
9.57279
29.05706
13.86606
2.48636
13.58696
19.53876
15.15037
10.65297
16.18198
13.03849
15.68726
9.39465
9.23898
8.97839
16.22361
25.54993
20.63613
11.14318
10.65164
23.68294
7.54627
24.03155
19.55874
18.87719
9.48703
19.77966
4.16834
13.58228
12.93683
3.27502
10.94173
11.73561
6.99391
6.07246
12.76323
6.52773
12.61003
15.2308
26.99356
8.59971
18.34454
9.69248
2.6069
11.88535
30.96544
9.19925
6.84965
22.6184
23.36557
8.65565
11.07458
13.08875
10.82263
11.80762
13.02022
16.32346
7.43839
17.99637
10.92652
9.83734
17.64268
19.82294
14.31974
9.72429
17.84834
8.6668
16.97285
19.68601
7.18577
3.74329
11.85949
11.10881
15.27033
18.76207
8.86069
10.785
3.96247
1.43318
10.6913
39.90712
11.72176
13.72896
7.03656
15.77958
10.8051
5.90516
8.22464
14.23889
13.12012
9.65063
4.59226
16.08267
3.60625
4.66751
5.8165
22.88081
22.29488
17.04945
25.43265
11.79482
2.62148
9.03772
12.9441
18.33522
19.68125
10.72778
11.39611
15.02347
15.62338
28.93872
6.62988
3.94902
20.92292
15.80894
11.17795
13.55679
13.59719
24.93017
12.07273
7.03993
21.96103
10.44343
16.62119
19.72234
19.84312
13.37046
8.81956
23.82409
17.82373
17.10368
16.22809
10.18133
16.69235
8.97683
29.09576
18.25745
19.77507
18.967
11.82741
4.48621
20.41797
3.15887
3.55328
11.86793
4.63573
15.15825
18.00247
9.78065
11.77259
13.89936
7.13155
12.07445
12.10524
21.13925
12.05404
8.77641
10.99158
21.93395
9.34583
21.37588
23.59177
35.81493
8.06119
12.69176
16.01913
17.9025
16.45951
15.6498
17.4078
9.12853
2.73846
17.88502
27.78695
11.96745
36.73485
15.31673
10.42295
26.13767
17.90909
4.75161
6.27654
18.30666
26.61681
14.88349
20.02403
13.6998
9.38939
7.68771
13.56217
4.44209
11.71599
8.33323
11.40623
8.13599
5.13911
18.70842
13.6011
39.52013
5.51929
14.67535
12.64926
16.93078
18.92076
7.12283
16.20805
12.13504
11.82197
27.07548
17.3871
21.02738
14.75183
19.54615
22.49227
14.66098
14.11145
17.72361
12.40614
10.44664
17.53803
8.63235
8.00507
6.53279
14.47281
15.86101
20.2604
22.07687
20.88474
10.00973
11.56339
4.28894
27.98401
9.5711
22.49874
18.12774
15.17418
7.93425
10.30119
10.59751
22.61104
20.07332
6.30516
19.88993
2.44574
18.60926
6.33027
17.21731
9.07307
25.93721
17.46315
14.01347
8.78831
23.8912
17.16479
11.79421
1.13962
22.68811
17.90212
17.21094
2.63557
15.17721
12.60064
17.79468
21.64834
11.08893
18.76718
24.49809
10.45649
34.69332
9.6323
17.96588
16.83058
9.10315
9.34335
12.74763
19.49541
16.21313
17.64459
15.93096
8.90482
17.68547
14.81089
6.23388
7.57895
16.33434
6.62441
4.16495
21.62456
13.40382
23.27862
20.22555
9.07608
10.9465
6.20034
13.29046
6.52068
20.31373
9.61668
23.39204
15.68642
11.22843
19.41822
30.99505
6.84526
9.41377
23.76988
9.62255
17.93593
6.01982
12.45259
9.90343
12.17251
34.94351
9.22826
13.11141
20.18199
12.19057
13.95801
4.85079
3.4974
7.55945
11.74579
14.44491
8.78812
15.97181
10.71344
15.84657
10.13425
10.95866
22.94619
19.64137
35.48657
13.92335
10.64121
23.7701
10.19916
9.96578
3.34876
14.14791
4.07943
7.32796
21.59589
3.57449
31.36072
32.10813
18.44763
10.74463
16.20259
15.50149
12.2928
9.27349
14.63707
16.25034
16.43305
12.74521
7.85905
35.18164
8.24245
18.42144
21.27823
9.12139
14.83861
2.4478
8.29085
18.44922
15.99341
6.87289
5.85539
8.82223
11.11715
3.38325
21.60213
4.55532
5.9271
9.09324
11.94888
12.02111
9.0032
22.19425
16.6747
11.05811
6.2042
6.8431
12.96331
11.68047
18.29068
28.39976
13.69429
11.98361
24.21903
26.08366
13.73863
7.35251
23.75585
14.12605
4.03416
11.84754
11.48353
2.71874
27.33736
15.21421
14.19898
7.68919
9.92839
12.11737
20.16955
9.72764
18.28984
8.27369
23.2486
17.15144
8.76533
20.4837
3.94825
3.44841
16.1976
15.03691
13.42747
18.75194
12.42843
1.74095
21.62186
18.36743
9.23589
2.01351
15.11183
11.57345
21.03546
20.97864
15.10221
14.18924
16.88467
13.60269
16.60171
6.612
8.61389
8.98736
12.25366
10.41517
9.69105
4.21431
7.55834
18.82907
10.9733
6.4905
12.60542
15.98914
10.01575
17.24439
7.06307
15.91121
20.58097
13.74014
7.12565
23.67846
42.71523
22.65528
10.46661
20.30239
9.53469
18.13396
12.95925
19.42054
13.75486
9.07107
14.36271
3.07915
16.73491
3.29785
11.27305
27.62356
24.39781
9.7988
12.87656
23.87909
12.87193
11.22541
12.93008
13.1651
18.35428
19.2378
26.50143
23.50518
9.40244
17.94118
17.24628
17.39927
4.943
12.0313
8.92847
15.08919
11.07996
4.25285
9.0589
11.28015
16.46396
18.11853
6.85618
12.19779
5.66435
21.86976
10.65329
31.25939
9.1048
21.85494
18.1535
13.58851
11.98157
13.29112
6.12051
12.95139
20.18937
21.1263
7.10768
10.39913
8.48784
10.31395
11.83264
24.21058
26.3826
16.51463
4.1807
14.0491
9.68378
10.75947
24.73555
11.36521
26.38193
7.83807
12.12406
14.13475
9.02133
8.32742
12.23063
11.63746
6.60304
15.5391
12.19671
5.37478
8.57982
9.05359
9.05285
10.13711
7.77611
1.30258
13.82922
16.29957
20.34805
13.51413
10.31
11.74351
12.96501
14.20973
10.59912
12.12361
9.23827
6.91338
10.83182
23.15365
20.124
14.56367
21.05845
14.16277
11.0675
7.53452
13.71792
4.9105
16.63601
17.96499
5.39924
12.16263
6.54616
19.47095
15.08417
9.71137
20.55065
5.28063
26.20599
24.35204
17.43439
13.77914
21.7149
25.83394
15.78267
1.52814
10.77151
20.12147
14.37394
12.21309
3.52388
18.03076
19.18957
20.60934
10.06484
30.66892
11.30707
10.89634
19.70759
5.10712
7.45407
20.26012
6.53796
6.63487
3.56488
18.23194
10.64453
12.15593
14.72002
2.13433
5.59774
19.25299
10.51162
8.60394
7.6469
7.28042
9.80751
10.7144
14.6553
6.15228
14.55637
16.69134
16.04029
18.40469
7.36193
9.359
18.94892
22.19991
24.73316
21.44014
19.06714
8.96454
19.01131
10.68509
6.95741
16.11314
2.84116
16.77093
12.01651
3.43623
11.09447
26.35228
13.63015
7.33298
7.34911
7.94173
12.88419
21.44091
9.10091
13.54568
10.20088
4.77413
9.8573
17.98781
7.78783
25.76818
6.97495
14.01444
14.07918
3.19934
9.95635
12.05986
10.64436
9.68912
18.2872
5.22422
21.48111
7.70491
21.53166
12.46983
11.88379
15.861
9.17689
3.59272
21.79441
30.46377
14.46101
5.37402
7.36073
26.76324
13.17567
8.91897
16.11562
8.70015
12.13039
7.91915
11.0124
19.43534
14.23277
8.33062
23.79661
28.24836
5.61313
11.76774
14.10171
4.55723
21.96247
18.59939
14.76334
7.02569
7.75516
3.23183
10.48319
5.54081
9.07664
20.97819
8.70314
23.1762
18.22927
5.15164
14.9192
37.19665
5.23255
22.1745
2.25684
12.82262
9.68693
4.79344
20.16892
19.23357
18.25174
5.7915
9.60955
12.09283
14.04981
9.30692
9.17056
11.02958
16.82352
8.65987
18.24249
5.69443
10.5396
12.63908
28.36248
7.08509
10.40758
14.7728
21.07957
16.03472
6.37682
20.63418
13.28388
16.67396
11.75295
12.21653
21.41604
7.192
9.54956
16.39239
12.05124
14.14516
21.07895
8.74462
14.53073
12.88927
16.2703
20.9524
20.06107
20.42342
24.44422
22.76057
36.55997
10.1647
8.36913
8.84886
31.13703
7.12077
20.64331
7.64216
20.82446
30.89292
21.21789
25.64824
9.45438
20.0821
6.46759
7.04633
11.57028
8.47459
27.9568
5.28321
3.92141
18.89889
41.10419
17.28254
27.21589
10.10705
5.76883
15.62286
6.53937
7.41107
5.90483
7.20731
17.03491
13.93282
8.62527
25.06235
4.14548
9.77855
13.24704
10.69246
14.41725
5.57057
29.81887
13.54804
14.06859
14.75773
10.61252
13.24052
9.63729
5.47286
5.65828
7.58467
5.97835
17.00411
11.8608
21.44968
22.02624
15.59964
0.45153
4.95345
20.11121
22.66068
2.05527
7.18979
15.73179
5.60296
29.80806
20.93511
24.35204
4.07686
5.12798
27.15331
5.48335
11.44194
7.04293
12.52177
14.85323
19.33422
14.53639
10.64376
6.74674
19.11425
9.9612
12.99291
12.73567
11.56494
3.76916
12.92437
7.11195
15.11396
52.68793
8.67822
20.51471
10.39445
9.25412
4.55395
14.364
14.39799
26.95305
17.29981
12.60338
9.21041
12.89641
12.94414
5.77287
18.1013
13.01715
10.42854
8.51486
9.8629
23.81279
24.70841
47.85674
4.42853
9.91826
10.24214
6.73276
11.51795
22.55805
10.30503
13.25338
6.54244
10.86885
21.7809
15.27923
40.64909
13.58985
17.88566
8.3877
3.47961
11.71655
15.69486
16.62756
4.41994
9.03701
12.22066
12.83332
26.18366
19.72403
14.56864
27.61829
9.74614
15.14189
14.68415
12.595
9.95463
9.26507
14.45253
12.10069
15.78581
20.07864
5.31468
8.84945
4.91801
17.51164
12.92169
14.85928
7.61035
17.19501
10.03662
13.35677
8.66076
19.93448
17.84844
12.37763
5.6096
14.84329
9.57028
23.08725
18.85146
19.91588
8.71566
21.31397
9.99189
15.75811
23.11919
18.05658
12.98371
14.55951
20.6033
11.68553
16.24632
5.94113
6.92226
7.30754
13.89967
5.1422
4.08415
18.64875
26.16861
14.0115
5.88232
22.03225
7.46842
15.14249
5.35332
12.9218
20.16027
4.66718
2.24373
12.83117
6.43581
40.95375
21.94064
16.75205
10.96769
9.1044
6.41587
14.7157
13.695
10.12062
19.34974
7.32701
27.05511
22.04295
26.18863
16.74426
17.49282
8.78185
8.58757
20.67409
29.72409
20.711
19.26391
13.42566
13.31289
26.38987
23.13067
7.02333
20.67223
10.58321
14.09814
20.96584
10.61896
16.7438
4.07119
15.08207
17.84269
12.84383
17.18009
15.32238
20.9031
13.47538
9.27723
12.05861
11.80136
4.99896
18.9958
13.85629
11.03443
15.65967
9.01639
12.56511
12.47412
5.98096
14.70036
6.87241
6.5747
14.44256
2.19952
16.80021
15.86365
23.11616
10.5291
10.47702
16.07352
12.93523
3.07704
9.78035
6.5513
11.78799
8.36661
9.5489
18.09943
22.87862
9.13141
11.15127
21.10877
17.79028
20.59345
13.29298
11.3376
14.37676
3.92659
11.62402
16.28399
11.14305
38.73001
14.96299
4.68482
4.52822
6.12549
8.21043
13.65384
20.41286
23.29051
7.16316
12.89748
20.00243
5.28215
6.73729
15.26518
25.13802
11.12994
16.24228
5.4756
11.56441
20.82098
20.04806
17.77566
1.04267
40.18286
8.83781
16.82301
8.24654
20.45382
12.43371
11.0545
8.17215
9.37941
21.58278
10.27566
7.26787
11.21554
17.2316
13.78262
15.63559
19.70639
17.17575
7.27378
5.87086
21.53446
9.80109
24.29357
9.35572
15.72326
8.69777
7.83248
15.5756
18.58515
13.02499
10.14465
12.12743
11.5841
9.57779
8.19337
7.53527
23.6857
23.94996
9.84417
24.08873
31.71288
6.91241
21.39525
8.50418
12.03545
10.68744
14.03116
11.55374
15.81399
11.2057
25.45604
7.2589
6.08301
12.5729
1.58668
8.26834
7.56992
12.33228
8.30666
10.82086
12.87419
22.8939
13.96386
9.18465
23.76835
14.34625
22.98821
7.15828
15.69746
27.65952
12.30848
19.99695
13.05893
16.86144
11.5214
12.2667
27.06385
20.24359
25.95864
6.1764
7.79668
11.5255
7.09041
24.11032
16.00358
18.44032
8.46747
10.09398
14.03396
18.76604
12.37845
6.18853
7.09498
12.94312
5.46529
15.44094
12.77289
14.25073
16.01735
18.45042
3.21275
12.83308
11.88703
1.4178
12.67385
10.11144
32.47028
17.30768
16.53711
5.17415
10.10591
30.13827
29.5985
22.70103
5.78666
14.0132
15.87381
15.39493
6.09489
3.53723
15.02007
19.65297
7.42258
29.64267
15.72264
3.81183
7.20611
7.33818
11.00459
8.74431
21.32734
6.68814
18.70027
31.86252
18.36965
25.58081
44.43867
24.77402
4.79786
7.09629
14.4849
16.31193
12.06392
14.03687
19.75314
7.78755
23.19868
18.38717
7.31382
7.44879
7.75403
10.36581
36.80715
11.69489
12.06691
19.32313
30.54279
18.51899
15.24972
18.27751
37.38275
16.6909
11.45217
12.43438
16.04511
12.21268
30.34617
21.13715
29.06354
9.33187
8.7636
19.14047
10.31066
4.55641
18.37694
8.95063
16.9167
3.80807
10.76946
15.07515
12.66948
9.64475
11.56615
11.54244
11.3305
6.34064
8.55983
26.23773
22.31425
20.79843
5.21347
11.6539
31.57152
12.41957
15.31438
8.29111
19.16365
17.51548
8.65597
22.55811
6.1773
14.82159
16.04309
14.08232
6.62158
25.83738
8.53256
15.61346
7.58613
13.58781
17.1561
7.91928
10.03875
10.85119
10.47026
14.70774
24.35108
9.41176
27.26864
17.08233
7.16012
23.33619
8.39583
23.45137
9.79124
13.46193
11.43588
4.38645
4.60314
8.24533
14.97766
17.20682
35.30668
22.39046
7.04857
6.33444
11.06915
3.12623
11.21259
4.94005
11.49029
6.17268
9.14767
12.52874
12.53209
9.14205
17.37328
14.84957
10.65566
8.68828
7.96649
9.63057
10.60393
18.47797
28.99378
18.57183
6.34811
25.99662
11.49744
17.37892
3.05378
16.06318
4.67438
22.20692
23.68795
11.00272
12.22002
20.89083
4.5359
27.9597
5.32142
23.07514
11.98724
29.73649
8.71903
17.56734
24.78917
21.80038
2.4173
14.51536
8.87375
6.38304
19.4155
1.66064
28.23124
8.36311
7.78892
17.98135
13.4097
4.07026
22.12055
10.10691
5.32763
1.82386
9.56661
4.01643
15.18519
35.33078
11.35041
4.01017
17.7003
20.61576
11.61166
12.31615
10.94562
7.49896
19.45902
11.14923
17.21883
16.90109
22.16463
10.30405
8.92702
7.98434
11.36908
13.00837
4.41585
9.94133
7.02178
15.22112
13.66222
10.19857
20.72128
0.70371
30.39565
28.28277
10.56249
18.51338
16.05794
10.10404
11.82049
22.75609
6.15054
22.26466
7.37562
15.50465
8.61307
13.41676
14.39172
13.17581
11.36876
28.32868
9.80481
12.66851
19.17994
13.74019
6.0199
8.23122
13.06633
11.13259
7.74415
11.53762
16.15214
0.89324
6.55787
14.29476
26.41737
11.65873
22.15303
32.68087
6.90933
18.63122
16.40254
9.03672
8.2235
12.92656
26.40362
11.22416
17.91679
15.4823
17.96281
21.14391
16.14972
13.82568
7.15398
21.88712
12.26929
27.12927
28.39088
18.67207
8.80463
23.78404
19.63763
17.37369
17.78956
14.07796
5.22143
15.522
2.44573
19.07804
9.18332
6.96006
8.88066
15.05427
14.62768
14.83022
22.00372
27.71222
23.13859
24.73295
21.32162
12.95492
8.42036
16.90582
18.87432
13.4455
9.25178
7.34905
5.43015
13.04975
9.19066
26.5311
29.36807
14.32626
14.3978
11.59537
17.9657
15.5491
29.11383
12.49601
18.12247
8.82876
21.19471
6.60071
22.1831
17.43067
15.23931
13.01685
12.11607
9.72798
14.43059
17.08197
20.2483
25.62169
13.39063
10.12944
22.87621
12.12078
12.29372
20.75387
25.54973
12.37576
36.73672
26.92025
3.19859
15.3976
7.25323
2.94677
17.24998
8.14736
6.84418
17.58407
2.76884
3.84739
3.60094
9.59963
3.61824
5.55588
6.78917
10.70873
16.06195
7.31806
20.33427
17.1926
5.7432
4.08444
31.3427
14.87614
26.80748
29.89272
9.09221
26.15666
2.35652
5.46488
22.3645
10.89365
11.54585
23.29024
10.03288
14.57509
14.68942
21.71714
13.43881
14.03975
12.84642
3.5841
28.71249
8.43953
11.74888
11.54006
9.96147
8.79612
4.82731
20.51453
13.41897
23.06332
17.59825
10.89724
6.55269
10.22479
9.87579
13.45112
11.57
8.58826
15.97667
31.9506
7.21358
4.88108
7.29304
7.98604
19.41215
6.01073
10.3076
11.59597
7.2664
18.26082
7.15959
13.1045
6.87052
3.74022
22.82815
10.90359
23.44836
11.72419
15.31906
18.48918
10.51193
22.9707
24.37691
11.89468
24.89814
1.07463
5.57337
7.68923
18.45266
19.66361
5.41227
17.865
8.29431
4.07834
7.3872
18.77129
5.27315
8.44311
10.93648
15.22283
12.41092
8.99067
9.73828
20.48469
1.13891
15.15847
15.04216
10.49709
7.20208
9.83219
12.32206
13.20475
3.09813
6.90331
18.07908
6.2544
10.66652
3.61467
9.06116
18.41769
15.18368
9.39739
25.98024
16.75926
8.53672
17.75595
3.9753
18.84028
10.41938
5.74164
25.86995
21.29864
13.0295
21.79647
9.72147
26.63099
14.14586
24.46967
8.4758
9.46951
18.02273
15.23211
19.74681
19.73506
18.74959
22.70245
17.68266
23.76615
13.82427
18.3572
16.67337
27.6331
12.58203
7.92078
9.60318
5.99454
17.64778
9.51743
9.32312
11.47073
16.92132
12.54156
10.79758
13.28516
10.44143
10.11109
17.20753
10.01877
7.34637
6.14637
18.45961
0.70978
8.90427
9.44928
10.12326
18.67007
15.66467
18.32502
13.84425
14.84954
8.7088
17.72376
20.19712
31.30173
11.52175
26.88777
21.59814
13.13077
6.06494
22.93067
22.87714
17.1858
13.33866
13.12372
9.37336
8.82227
16.05127
8.74217
15.87055
31.62932
20.0494
9.24106
15.04727
22.54441
17.74341
13.10042
6.79302
6.92238
35.81795
9.4735
29.90901
19.06468
9.78632
15.62778
6.66605
20.65312
10.92625
2.46481
12.84329
22.13317
15.33444
14.47207
9.9138
21.26533
36.6482
12.44151
12.47404
19.85505
10.62933
41.68545
5.58667
3.68058
13.47542
7.42522
18.12102
10.28837
23.06761
8.31488
13.2649
22.77843
7.59822
12.6134
14.93203
10.1598
19.33401
30.6312
16.43971
15.98736
16.68206
27.09434
22.95727
15.70473
28.04142
8.38831
16.41517
19.18197
22.15151
14.66345
11.22417
25.20509
38.71446
8.05839
17.76596
22.1007
7.88312
16.38002
12.97057
20.82794
14.99246
13.96189
10.86242
10.68546
10.87549
13.66315
13.61642
21.9692
13.53078
32.01317
4.56524
20.92143
9.71002
15.49694
26.97825
10.04974
29.05976
23.03625
16.66273
7.96383
14.35362
11.51286
24.93087
15.54152
17.50129
10.85626
2.60729
6.51687
15.80282
9.96317
3.47283
12.40541
20.50794
12.57969
7.00738
6.78199
18.25259
21.3508
12.37635
27.2005
11.63245
11.18316
10.69788
4.56325
12.68015
11.08521
21.02001
14.94901
13.14946
0.38503
14.34523
26.20128
21.15158
12.48993
18.11438
18.22783
13.35534
19.62734
10.65082
8.96752
18.02525
8.26278
12.76686
10.57076
5.73886
16.88522
6.27707
29.31373
10.48972
8.79545
22.59728
4.15625
12.6668
12.18144
13.71554
12.8592
6.31253
13.92545
16.62159
3.11597
4.28929
8.6983
27.64723
11.0979
15.37464
7.03599
7.20236
10.74682
11.33261
22.06232
8.00537
21.89165
8.65776
23.23614
13.32003
13.53134
9.92022
15.43165
6.08736
15.12331
8.09856
20.80549
15.22467
10.48583
11.18739
19.37018
15.06565
8.22204
16.26063
5.85239
17.62846
10.57558
6.88411
10.94131
13.5225
13.58786
21.83354
18.17042
23.1915
15.10502
18.01521
25.18864
13.83597
12.74677
5.38687
4.66814
10.22877
15.35682
20.58029
13.56229
8.6612
18.79631
6.26202
11.13178
12.61462
11.97823
32.00923
21.33537
12.93997
16.69289
22.73215
4.01802
15.99253
21.90924
5.81685
18.73925
19.84737
9.14279
6.00892
15.28573
6.12794
20.1723
19.58987
20.67976
14.16577
21.29845
22.67974
8.65073
11.90168
13.14945
21.82797
4.68689
18.70586
13.37253
8.39327
10.77279
27.31499
17.42618
22.73437
11.29
11.02088
17.02148
14.13761
18.9609
23.85796
9.61384
2.33568
8.18041
10.77338
6.08209
6.1573
11.29331
10.88142
16.72815
6.73561
22.83587
6.14452
5.19525
7.04456
16.12277
13.91902
6.35004
13.60538
28.68265
6.69827
29.59374
20.92922
13.8405
14.30355
10.26836
5.99464
6.39516
20.31724
17.52756
8.94743
23.32406
6.76286
29.52206
20.9554
3.01417
11.93081
14.93492
20.45014
15.19459
10.11735
12.81874
14.57168
11.40157
22.50766
7.33124
17.023
10.4397
7.12114
6.1367
5.35975
16.80814
27.22275
12.45796
9.53046
10.47105
3.98453
12.99712
9.05967
35.40621
16.88416
11.99118
8.34699
8.65311
10.42363
2.86077
9.95278
4.40995
14.95114
15.33024
15.38938
7.59097
16.12991
9.82324
19.7341
18.03964
9.70798
14.13463
6.41395
13.66933
8.0829
15.26177
7.43268
16.46919
24.22607
6.07274
7.85366
4.76676
14.99864
12.4349
11.94846
13.1987
12.95199
12.82215
1.97592
5.09545
13.14529
9.61632
17.1798
12.26985
16.7929
13.84539
6.04617
19.48678
23.00848
6.87485
16.58904
19.34017
16.89953
24.59423
14.26586
18.73125
17.69923
21.68442
17.97705
14.89352
10.87708
11.5459
11.01652
7.82927
11.08864
18.0184
13.03805
16.0372
8.45831
26.25766
18.54371
1.33843
7.75377
7.68878
0.46933
9.21292
16.00304
7.04074
24.29047
10.41302
8.02119
4.17189
11.5904
7.99271
4.62671
19.70173
12.19687
23.92445
17.07682
10.68617
8.78951
10.51249
12.19866
9.77004
16.34331
12.91743
24.85285
10.86023
8.08405
3.54325
17.67443
16.98851
8.42026
14.32328
22.06012
17.84606
5.94847
11.95937
13.64841
30.58136
13.24815
13.68603
5.52349
29.58902
10.915
8.60397
32.98358
9.71831
16.93979
15.08001
10.24134
3.45008
8.81569
6.40929
10.14599
5.94173
16.05158
17.77496
11.7268
15.44544
17.43103
11.06146
27.83144
12.83512
12.27293
13.45955
13.52579
5.41338
7.04251
30.95752
15.67355
13.40794
23.45446
9.40682
15.81395
23.77275
11.20149
2.74503
12.31635
6.61141
21.72514
3.70799
6.36032
5.77432
6.26197
15.83383
19.05043
33.31686
8.09916
10.68073
14.45385
15.15023
15.97904
12.96533
16.4155
11.16359
5.32805
4.39996
14.05961
16.68173
2.77173
4.90523
7.57205
23.31317
18.69575
9.66012
14.07855
9.63373
29.55129
9.76732
19.4544
7.02802
14.92
29.77949
21.22911
7.99318
17.17479
10.54117
10.6555
10.41575
19.16999
11.81472
20.57485
18.91427
19.1717
9.29201
7.50132
14.31346
5.75733
14.40403
20.07969
13.79486
15.7436
12.47772
16.02885
15.25227
12.54155
6.48566
15.29839
8.99172
14.68556
9.00395
14.1351
4.37884
20.12469
15.90695
6.72274
23.89493
10.41809
35.103
13.71071
15.91164
19.51674
8.11323
20.63049
12.00365
17.75124
8.82546
13.68417
26.32791
13.48616
15.9806
2.95071
12.79126
17.42098
11.92559
16.99302
7.18472
8.00915
16.90855
9.90404
8.27865
17.91417
22.71233
8.52178
16.09588
14.74673
19.94589
16.60214
21.22834
33.21157
10.50099
25.50686
16.33754
15.35437
6.2773
13.78281
25.10075
5.67472
16.04733
27.17289
8.10518
33.60869
6.49313
9.80076
7.14581
10.93022
17.08022
17.87727
9.54102
3.27461
15.12217
17.8528
12.1157
25.49095
21.10451
14.88215
5.09062
3.94946
4.69827
4.70602
8.57561
9.36449
12.12694
21.5304
4.82291
4.06639
17.61986
20.30451
16.50866
24.52139
38.01935
22.85144
18.72889
5.90043
11.17118
38.1645
15.5331
12.5931
6.25778
5.99409
15.90536
6.35351
18.76059
23.58021
18.93812
12.83978
11.47287
5.69934
20.17993
3.6271
7.79038
8.11409
18.06234
14.26882
10.44702
9.21042
9.30101
13.5582
17.7445
10.45298
12.83439
23.60669
26.14774
13.01731
0.85159
15.60137
4.04458
5.54563
14.61232
17.34149
10.7572
4.97756
20.58634
12.6299
19.24215
12.42033
10.02704
18.87626
11.35283
19.58725
19.57718
8.87854
3.07098
7.99039
15.57655
9.3331
22.43885
13.40333
24.11798
9.9955
18.05522
16.97375
15.30213
5.43581
27.55976
2.81713
14.32029
8.9489
5.87871
13.00425
9.43548
3.14082
13.98523
24.21195
9.45305
10.29459
8.89985
13.04228
25.35317
12.03072
7.45006
9.69728
10.77282
15.88442
6.29369
2.67577
13.472
16.30828
10.8976
6.08625
25.87337
14.77292
9.52848
1.72381
28.43374
4.70979
16.93707
13.27251
16.12434
10.0914
11.35725
10.9304
13.62864
11.23865
8.57114
11.85953
8.57969
34.18894
10.25145
17.93532
7.44694
12.18927
10.37594
5.77389
6.76809
11.82455
18.57513
5.6169
11.67442
10.89411
22.65841
8.51342
8.66381
24.36262
18.21288
11.26132
16.31899
7.37764
18.95841
10.35267
5.32687
6.53052
23.84591
15.1689
17.03803
9.32354
6.47564
10.67456
8.46133
9.81032
20.365
20.93208
17.41646
26.59367
24.74875
14.03635
15.07456
11.02134
5.79178
28.46634
23.81265
8.86911
5.20867
10.22916
17.05255
4.52953
8.67281
3.47426
16.16486
5.81916
9.41569
10.04207
16.76729
14.80982
8.95266
1.58841
2.2426
11.49605
8.92401
22.35405
15.82986
14.39566
18.77869
18.15927
25.79642
6.15187
24.34688
8.80181
12.50167
12.28906
16.3836
22.70585
15.55785
6.66265
5.06298
10.25609
18.46976
22.31347
6.61474
16.70197
23.80283
20.94305
10.66772
4.60577
22.41387
10.50021
6.08853
15.89005
25.39159
24.45512
9.94296
7.91776
12.80546
10.60921
23.13514
12.08073
19.85047
17.6357
11.32313
13.88165
19.46474
11.88037
22.74951
19.82679
14.77064
6.30116
17.13868
23.60169
15.38721
6.63117
22.38367
15.54959
24.20994
7.58889
17.68886
11.32274
7.73676
10.71761
13.843
8.37006
1.69372
7.17246
21.52335
2.97945
8.55566
9.25652
8.76298
8.965
7.23301
21.86692
22.99233
7.88524
21.78196
7.68709
11.31105
16.31113
19.28812
17.1349
17.60598
10.17023
9.96394
3.29478
12.17742
14.32864
6.5014
3.1752
12.80116
18.7369
25.25229
16.392
13.6819
4.48927
16.3529
8.15864
10.62993
11.34547
6.27917
8.28183
18.74586
6.11864
14.25263
4.33823
24.43599
4.51391
12.74574
7.50645
12.92223
15.99102
20.08629
15.24207
13.11445
10.79503
10.43773
23.31591
13.73992
12.53473
13.84483
6.15198
18.88322
20.51031
11.21288
29.1392
5.42052
19.59879
13.67786
17.01658
11.4107
31.0337
6.56072
5.97971
19.32869
17.35949
14.88116
5.66929
21.77076
17.2779
13.03337
5.15034
25.45908
14.9922
11.04125
13.27377
15.24013
21.59844
3.08903
17.09419
21.11661
8.93644
19.12256
17.84256
14.01333
11.64335
7.07451
15.38978
15.73441
31.27464
6.57124
11.45133
20.1721
8.59202
21.26148
6.68773
22.30032
19.32406
14.91779
11.63091
12.0642
11.0574
16.45734
28.51718
20.58562
18.01002
26.82171
5.74436
2.27202
24.26917
6.79461
20.40942
6.41816
15.67715
9.12758
13.75446
12.7478
6.29767
19.8413
15.46809
9.86855
7.98047
21.76002
6.77525
14.81751
14.84417
8.46224
26.15223
6.37621
4.59637
7.564
5.44159
17.09973
7.80073
18.42956
6.09634
18.46799
22.61939
14.04652
7.0884
39.89475
10.21532
29.6865
9.92646
18.9733
19.36987
13.05043
8.48762
22.58793
18.16752
27.10331
16.42418
25.40565
19.83148
10.94471
3.19251
22.53515
3.09861
19.59944
17.49361
4.52676
10.89532
20.10826
13.62965
21.76412
22.48815
7.1878
27.13095
13.44637
9.99761
24.55737
11.44013
10.07198
24.02561
12.04761
18.76595
16.03815
14.42026
20.8306
11.36612
18.4263
13.34025
11.65246
12.7981
24.24133
2.79399
10.54358
14.10151
20.39593
7.15004
7.70569
9.65013
17.01397
10.06766
17.03385
4.85627
15.95841
12.63875
16.77499
8.45931
10.87865
6.44786
6.59355
16.90363
11.97376
2.62731
6.18655
5.09174
10.22027
13.41768
7.39879
19.55038
4.9771
16.12651
15.44566
7.22076
12.91837
14.51492
10.42729
8.71277
14.15572
3.64781
8.10456
11.45
12.57746
3.7005
21.99031
13.12525
26.67384
12.03329
10.17832
19.86943
6.43569
15.92422
20.41065
28.49133
20.62858
8.05116
8.87689
8.13389
21.36747
16.25516
5.03843
24.85094
10.01004
12.47619
13.84079
12.891
17.55838
30.55123
2.80123
12.50223
12.2981
14.22115
4.92469
7.09951
17.95794
9.35521
4.7682
13.19973
20.50705
21.61359
17.46291
11.84143
10.70875
14.02958
5.48566
13.72764
11.03395
3.91941
5.79153
2.14489
3.88633
20.54189
19.41677
10.32152
25.30314
6.59222
15.98204
12.23111
25.04251
15.65189
14.8604
5.19761
5.20052
9.37293
12.10604
17.13294
14.43848
12.68201
22.02745
8.15047
12.00109
15.11696
23.34944
9.23609
4.24522
18.73632
6.73201
15.66455
12.39482
17.73013
20.22377
11.43854
24.32499
5.76261
4.30864
14.60063
20.77174
14.45707
18.10323
8.51913
9.79242
2.62625
28.81575
23.01704
13.05144
13.23379
7.58552
9.97489
19.79875
13.83197
28.12628
11.10057
9.27886
16.15003
9.88034
11.47985
11.98366
17.8296
12.6759
14.14321
23.93601
21.37771
24.11932
11.71227
10.11707
2.50484
4.96232
8.13953
10.58856
7.84147
14.85166
12.73606
7.32099
10.84712
16.48359
23.01126
20.00426
14.92986
15.44774
8.90231
13.29231
14.59703
18.33653
4.75787
12.62818
14.34622
7.62581
8.457
16.44171
27.61031
20.64898
29.38372
15.14935
11.9455
1.84387
12.36814
10.70495
17.48049
18.49175
23.87424
19.98722
11.21514
27.68527
2.62972
11.5015
18.92641
12.06386
10.99184
4.80104
8.50398
9.02846
13.82203
7.13459
3.83619
11.33314
22.79061
13.42569
5.87799
12.18147
7.74525
6.59141
2.54451
4.68243
14.20753
5.68406
8.03351
5.51913
11.19791
9.77701
23.69355
16.06107
21.90401
4.3509
21.2796
15.29954
17.77978
9.17057
5.01038
13.69909
14.40085
11.61892
17.85617
22.39053
10.11561
4.32075
8.6549
11.3311
7.31302
4.31949
30.39293
7.50889
13.91499
12.42871
10.13659
17.075
9.67891
5.93136
29.83992
11.9624
17.24878
28.43761
17.40836
16.58681
12.53892
5.17644
10.90744
7.38375
15.35684
12.16277
13.8035
17.06986
8.86684
6.92869
6.36718
19.52173
20.2459
18.12116
13.47134
6.28804
7.61466
10.80605
3.50498
11.11463
4.40292
12.2837
14.07337
6.37253
1.33256
21.2362
12.50389
8.90516
16.98722
27.98919
11.08052
13.3603
9.06451
19.60319
10.76957
32.73728
22.52576
14.6637
15.6432
24.07555
13.07085
9.02705
12.03641
27.59697
7.91521
15.22885
6.73839
3.32646
4.79528
10.14437
10.44084
1.12629
30.51764
4.42995
20.35441
11.43163
19.29647
5.83732
9.89327
12.73778
15.89062
35.88924
9.97644
18.2864
20.1519
10.3231
2.25766
23.07394
15.30444
20.9266
14.26957
17.0458
10.87658
6.64262
12.36788
11.60563
18.1116
1.73903
5.38085
11.26815
12.99278
12.04275
21.3065
11.60809
6.83328
41.34799
17.23589
16.88171
21.34395
6.85345
13.51252
