2.04851
1.99487
2.01155
1.99877
2.00743
1.9821
2.00241
1.98987
2.05584
2.02513
1.95488
1.96192
1.96994
1.98777
2.00418
1.98277
2.00891
1.96484
2.05964
2.00128
1.99483
2.04491
2.06127
2.02809
1.9807
2.02811
2.01462
1.96896
2.00596
2.02885
1.96115
1.98985
1.99877
2.02591
2.04163
1.95739
2.01981
1.95594
1.96875
2.01821
1.9794
1.94111
2.00574
2.03296
1.97242
1.93096
1.94927
2.02578
1.94566
1.931
1.94442
1.95136
2.00685
2.00061
1.96758
1.95774
1.98159
1.95628
2.0512
2.05905
1.9318
2.00842
2.01655
1.96645
1.97887
2.02139
1.96189
2.09067
1.93627
1.97556
1.95387
1.96173
2.00834
2.05309
2.00171
2.01783
2.02556
2.00172
2.03493
1.99021
1.97476
2.02045
2.01187
1.98361
1.95409
2.06426
2.02455
1.963
2.01423
2.01118
1.98133
2.02387
2.02296
1.99897
1.98834
2.0327
2.02049
2.01398
2.04967
1.96375
