0.00916
0.01299
0.0115
0.01106
0.01227
0.00979
0.01042
0.01429
0.0059
0.0046
0.01541
0.01385
0.01795
0.0105
0.0096
0.01802
0.01317
0.01726
0.0029
0.01248
0.01337
0.00123
0.00827
0.0094
0.00924
0.00832
0.00907
0.01335
0.01245
0.00532
0.02111
0.00274
0.0096
0.00914
0.00671
0.01374
0.00674
0.0096
0.01122
0.00545
0.00556
0.00876
0.00287
8e-05
0.00736
0.01365
0.01155
0.0099
0.01639
0.03293
0.01201
0.01021
0.00627
0.01176
0.01524
0.01361
0.01001
0.01385
8e-05
0.00617
0.01627
0.01043
0.00993
0.01556
0.01376
0.0081
0.01947
0.00199
0.00997
0.02009
0.01624
0.01882
0.01098
0.00539
0.0159
0.00757
0.00582
0.00396
0.01036
0.00968
0.01302
0.00376
0.00796
0.01512
0.02221
0.00263
0.00452
0.01406
0.0079
0.00654
0.0174
0.00453
0.00169
0.01221
0.00917
0.00619
0.00639
0.00623
0.00767
0.01083
