20.56194
19.71978
20.91907
19.56523
19.91015
19.71202
20.36761
20.07067
19.51575
20.23285
20.4226
19.52014
20.1002
20.89281
19.92357
20.33969
20.70319
19.60447
20.19255
20.09688
20.32551
19.69752
20.36599
19.74274
20.41104
21.13417
19.25591
21.00799
19.39373
20.64443
20.59077
19.97332
20.86675
19.37515
20.61482
19.82354
21.78979
20.89784
20.33907
20.15345
19.27747
19.28444
19.93154
20.30732
19.75346
18.69556
19.84192
20.42349
19.30875
19.90326
18.0149
19.56435
20.57527
20.04248
20.2512
20.23168
19.56898
20.01158
19.78649
20.28279
20.3573
19.76772
20.71624
19.53171
19.97006
19.96906
20.45457
19.28443
20.0648
19.31842
19.80434
19.87887
20.97883
19.85375
20.272
18.78956
19.85311
18.46312
19.70829
19.50723
19.96984
18.88829
19.8915
20.10122
19.19198
20.46213
20.46392
19.44878
20.39866
19.91803
19.78449
19.88845
19.52871
19.21421
19.7716
20.13751
19.09674
19.23878
19.45861
19.57312
