7213.07155
7283.60772
6933.1705
7437.96446
7314.0281
7041.13986
7101.86396
7232.13478
7206.65425
7112.24895
7231.47898
7027.67637
7138.33942
7112.11867
7205.04416
7270.64695
7198.56354
7348.83398
7168.52925
7349.8644
7222.46708
7181.41754
7245.13763
7237.09847
7208.54078
7411.18766
7228.58915
7368.44771
7575.68652
6948.34464
7153.69695
7457.88389
7202.20211
7112.60269
7331.20853
7250.09077
6930.22212
7334.15413
7457.3754
7255.12463
7335.64044
7317.72769
7678.23135
7348.82398
7192.19881
7176.7951
7244.42203
7072.78076
7252.24276
6986.98616
7211.86106
7585.09902
7211.41228
7185.35888
6977.38729
7480.75089
7217.88498
7422.41244
7277.2033
7252.74848
7331.07147
7299.63203
7119.5575
7282.44579
7361.35526
7252.67473
7070.73085
7209.47132
7338.73231
7365.15007
7531.01818
7233.96904
7054.9421
7292.77854
7586.22222
7451.56055
7104.1003
7217.19691
7071.32711
7122.95515
7133.4488
7387.41692
7110.16762
7262.48659
7186.88142
6998.75644
7331.04072
7137.96071
7365.893
7309.01815
7054.82346
7213.31261
7370.23031
7288.63461
7502.78121
7362.21955
7199.93277
7077.80853
7450.62057
7560.97788
