1.70414
1.70196
1.68091
1.70728
1.7077
1.68856
1.69965
1.65564
1.71856
1.73537
1.7008
1.71806
1.67295
1.6821
1.68396
1.7077
1.71387
1.71217
1.72224
1.7205
1.7174
1.70504
1.67823
1.71282
1.68055
1.71394
1.65078
1.7103
1.729
1.69415
1.70685
1.67956
1.70546
1.67168
1.71573
1.68683
1.74762
1.70981
1.71384
1.72554
1.70553
1.71327
1.68391
1.67227
1.66702
1.71443
1.69236
1.71255
1.71775
1.69346
1.67108
1.71548
1.68901
1.68838
1.67356
1.66882
1.70145
1.68351
1.69562
1.68097
1.67801
1.75583
1.68008
1.69204
1.69424
1.7142
1.67747
1.67291
1.6535
1.67982
1.6699
1.71718
1.71865
1.70052
1.72951
1.68227
1.71224
1.68206
1.6977
1.68253
1.72974
1.6973
1.73599
1.70027
1.71488
1.70902
1.67475
1.73192
1.7246
1.64398
1.70771
1.69674
1.71023
1.70515
1.69191
1.6944
1.69271
1.71131
1.71617
1.68837
1.68867
1.70642
1.68143
1.70307
1.70564
1.72431
1.70193
1.74297
1.68058
1.7009
1.69473
1.67871
1.72997
1.69783
1.70962
1.68172
1.70878
1.67457
1.69555
1.68385
1.69099
1.71054
1.70207
1.73343
1.70354
1.69651
1.70602
1.69584
1.68145
1.7271
1.71624
1.6924
1.6949
1.69773
1.68545
1.68565
1.73188
1.69227
1.66317
1.69995
1.69476
1.68152
1.67616
1.67902
1.67291
1.6762
1.71202
1.71257
1.70263
1.70766
1.71696
1.68241
1.66273
1.67525
1.69941
1.69668
1.69176
1.7055
1.67838
1.70617
1.66366
1.70601
1.73287
1.70774
1.67482
1.69636
1.68643
1.71521
1.68466
1.68342
1.74261
1.70803
1.68512
1.71149
1.67828
1.71579
1.70584
1.68612
1.68274
1.69987
1.70442
1.65444
1.7001
1.67046
1.7134
1.65969
1.72551
1.71513
1.65774
1.72399
1.66688
1.69555
1.69342
1.70529
1.67147
1.68945
1.73364
1.7091
1.7127
1.69897
1.68589
1.71338
1.72161
1.71458
1.68773
1.71258
1.71434
1.69935
1.7273
1.68272
1.67912
1.68161
1.66162
1.69526
1.71261
1.66613
1.69942
1.70878
1.67595
1.7209
1.7033
1.71143
1.71434
1.67377
1.66239
1.71215
1.72047
1.68326
1.71185
1.69261
1.6925
1.71206
1.71854
1.69857
1.6824
1.69579
1.71214
1.70763
1.69786
1.67458
1.69796
1.70134
1.74162
1.70241
1.70083
1.72532
1.69863
1.71464
1.71519
1.71914
1.69763
1.68871
1.67973
1.72238
1.6667
1.72543
1.71176
1.70607
1.72142
1.70339
1.68174
1.6751
1.7129
1.684
1.68374
1.69501
1.68919
1.72103
1.68584
1.69477
1.69303
1.73343
1.70211
1.70124
1.68924
1.7087
1.73552
1.70997
1.69208
1.74252
1.67231
1.67416
1.69632
1.72305
1.7234
1.66985
1.70374
1.70827
1.72237
1.70892
1.69197
1.68134
1.73295
1.69056
1.72086
1.71784
1.72196
1.68532
1.72281
1.69001
1.71622
1.73402
1.73578
1.70142
1.72857
1.71892
1.6843
1.7163
1.67348
1.7273
1.69816
1.70337
1.72544
1.6975
1.67038
1.71746
1.71715
1.69338
1.68483
1.68287
1.69878
1.67504
1.69953
1.68881
1.67065
1.70009
1.72679
1.69177
1.71079
1.67587
1.7176
1.67351
1.72227
1.70576
1.71314
1.6975
1.67265
1.68089
1.68156
1.68359
1.73249
1.68478
1.71475
1.686
1.66108
1.6977
1.69675
1.7028
1.71024
1.70467
1.70988
1.70775
1.68747
1.65069
1.70667
1.69047
1.69733
1.69453
1.66946
1.69123
1.69858
1.69167
1.69641
1.68611
1.68718
1.70729
1.6759
1.70028
1.67829
1.70815
1.71458
1.71714
1.65564
1.7024
1.6925
1.71318
1.70462
1.72986
1.71315
1.70032
1.7294
1.66991
1.70241
1.71621
1.71777
1.69883
1.68367
1.71425
1.678
1.71739
1.67319
1.70202
1.6876
1.70975
1.70958
1.67116
1.66614
1.67276
1.71524
1.71274
1.70954
1.67058
1.71441
1.69988
1.72409
1.69081
1.69103
1.75597
1.69454
1.7123
1.69565
1.6981
1.66453
1.68005
1.69879
1.68644
1.66423
1.70267
1.71938
1.69966
1.72791
1.66466
1.70683
1.69374
1.71271
1.74661
1.69151
1.72732
1.74077
1.75465
1.69889
1.69827
1.72221
1.72242
1.70239
1.6991
1.70669
1.71183
1.71351
1.65977
1.71634
1.69182
1.66993
1.69247
1.72213
1.69425
1.70812
1.68174
1.70085
1.67871
1.70219
1.71169
1.70282
1.68259
1.72898
1.69675
1.69204
1.74701
1.70481
1.70501
1.72016
1.7112
1.72134
1.69766
1.69949
1.65489
1.69586
1.71611
1.70433
1.69147
1.70411
1.71847
1.71407
1.71747
1.69094
1.68587
1.69809
1.70141
1.71098
1.68616
1.73531
1.71991
1.70702
1.72207
1.69081
1.69189
1.69648
1.71789
1.70569
1.71044
1.67357
1.66875
1.69592
1.69175
1.72949
1.68954
1.69797
1.69123
1.67258
1.68902
1.66988
1.67842
1.65477
1.71903
1.72569
1.69248
1.69814
1.70586
1.67985
1.69979
1.68497
1.69318
1.70816
1.71361
1.71547
1.7126
1.6663
1.69386
1.6998
1.6903
1.696
1.69105
1.72735
1.68147
1.69866
1.68771
1.71287
1.70211
1.71063
1.72505
1.72331
1.71208
1.69621
1.68635
1.70485
1.68988
1.69841
1.70944
1.69219
1.71669
1.74533
1.69934
1.68592
1.71969
1.71464
1.69824
1.6711
1.71625
1.70847
1.70103
1.64888
1.70557
1.70223
1.65686
1.68079
1.70033
1.67368
1.70383
1.70297
1.72789
1.74951
1.71248
1.70771
1.68694
1.68039
1.70638
1.71106
1.70674
1.69027
1.68484
1.6882
1.72011
1.70477
1.68024
1.68211
1.72583
1.68994
1.72007
1.69709
1.71088
1.70685
1.68996
1.72643
1.68318
1.70369
1.68379
1.70486
1.71621
1.69669
1.71131
1.73706
1.70507
1.68623
1.70344
1.71016
1.73248
1.65863
1.71594
1.64083
1.70598
1.68005
1.70044
1.68618
1.71498
1.72632
1.66341
1.65741
1.66985
1.70168
1.6746
1.74334
1.72334
1.71693
1.71515
1.67755
1.72381
1.7009
1.65297
1.69181
1.70533
1.66321
1.68785
1.66878
1.71018
1.70485
1.71634
1.69009
1.71079
1.71655
1.71567
1.69764
1.70703
1.65568
1.6863
1.7029
1.71078
1.71915
1.68813
1.70056
1.69342
1.71156
1.68337
1.69713
1.69438
1.69748
1.68362
1.69603
1.68107
1.72833
1.72599
1.72267
1.71076
1.71005
1.70732
1.68875
1.69086
1.67162
1.65702
1.70926
1.73919
1.76197
1.69777
1.66705
1.69714
1.72138
1.72301
1.69722
1.66597
1.70468
1.68822
1.72236
1.70976
1.6962
1.68192
1.67673
1.71611
1.71862
1.67344
1.71161
1.71111
1.67263
1.68855
1.67044
1.67422
1.68248
1.715
1.69725
1.67733
1.67134
1.67772
1.73559
1.66966
1.66803
1.70743
1.64368
1.7093
1.71767
1.71776
1.69052
1.66951
1.71178
1.69507
1.69877
1.71138
1.713
1.70034
1.69566
1.70353
1.70682
1.68999
1.68726
1.72943
1.68244
1.68629
1.67641
1.6879
1.68664
1.68893
1.7212
1.6846
1.7056
1.67845
1.69241
1.7217
1.70963
1.67678
1.6632
1.69956
1.67141
1.69905
1.66168
1.67686
1.68886
1.6717
1.7348
1.6837
1.75624
1.67602
1.69514
1.70732
1.6495
1.7152
1.73405
1.69101
1.69851
1.66882
1.70719
1.70559
1.68107
1.70733
1.69911
1.66552
1.68535
1.71101
1.72221
1.67034
1.67508
1.68602
1.71024
1.64766
1.68923
1.66936
1.72872
1.71092
1.72288
1.7082
1.7089
1.72175
1.72792
1.68542
1.72207
1.71396
1.70761
1.74314
1.72361
1.70131
1.69199
1.69377
1.68946
1.7406
1.69431
1.68693
1.67344
1.6569
1.73367
1.68208
1.72035
1.72732
1.69626
1.67871
1.72449
1.70193
1.70837
1.71618
1.68929
1.73037
1.68064
1.70761
1.6813
1.66703
1.69188
1.68276
1.70402
1.67291
1.6886
1.73422
1.70984
1.6826
1.74143
1.69305
1.73848
1.66724
1.71291
1.70407
1.69171
1.68881
1.68643
1.71534
1.65412
1.69623
1.70069
1.69649
1.65717
1.68804
1.69567
1.68506
1.69415
1.72387
1.72064
1.68417
1.70273
1.70913
1.68327
1.69371
1.72034
1.69727
1.66792
1.71905
1.64512
1.70527
1.74513
1.72098
1.67132
1.70493
1.71154
1.74402
1.71158
1.70998
1.72202
1.72178
1.681
1.6816
1.69367
1.72489
1.72204
1.7215
1.70558
1.67181
1.70869
1.69078
1.69236
1.70743
1.71182
1.74753
1.6827
1.69715
1.67282
1.671
1.68122
1.71508
1.72019
1.70466
1.67862
1.68423
1.73976
1.70603
1.67489
1.71364
1.69239
1.68051
1.67725
1.68507
1.73023
1.74197
1.64811
1.69866
1.70301
1.71497
1.70971
1.69838
1.69501
1.68107
1.68176
1.71963
1.70624
1.69352
1.71837
1.69698
1.7058
1.69869
1.7225
1.65709
1.68926
1.70956
1.70784
1.6838
1.71986
1.7034
1.67231
1.68714
1.70412
1.70025
1.71196
1.68328
1.71889
1.65283
1.67166
1.70945
1.70674
1.70962
1.67751
1.73321
1.72721
1.6918
1.71237
1.69114
1.70021
1.70472
1.69249
1.7181
1.71076
1.73541
1.71581
1.69869
1.71719
1.67214
1.70431
1.70325
1.67999
1.70012
1.68087
1.71152
1.67114
1.70263
1.73075
1.67665
1.65739
1.71578
1.6924
1.64114
1.70179
1.69253
1.728
1.68018
1.68466
1.67176
1.68008
1.72826
1.72843
1.66842
1.69727
1.72612
1.69027
1.69908
1.70144
1.70475
1.72659
1.71641
1.74691
1.70531
1.70792
1.72178
1.70565
1.71113
1.71583
1.69075
1.71838
1.72512
1.69906
1.70988
1.67582
1.72096
1.69083
1.69763
1.66022
1.68356
1.72551
1.7103
1.67557
1.6926
1.7125
1.68514
1.71002
1.684
1.70519
1.70379
1.718
1.71202
1.71344
1.73711
