0.00419
0.00525
0.00697
0.00381
0.00686
0.00501
0.00429
0.00618
0.00342
0.00302
0.00524
0.00349
0.00753
0.00582
0.00555
0.00445
0.00335
0.00383
0.00379
0.00293
0.00308
0.00567
0.00634
0.00204
0.00658
0.00444
0.00763
0.00605
0.00442
0.00582
0.00375
0.00614
0.00405
0.00535
0.00247
0.00615
0.00341
0.0027
0.00465
0.00276
0.00616
0.00533
0.00549
0.00651
0.00617
0.00295
0.0065
0.00321
0.00357
0.00625
0.0059
0.00561
0.00736
0.00473
0.00875
0.00749
0.00479
0.00567
0.00451
0.00382
0.00521
0.00084
0.00668
0.00479
0.00411
0.00487
0.00673
0.00579
0.00865
0.00513
0.00619
0.00421
0.00515
0.00575
0.00313
0.00733
0.00449
0.00651
0.00609
0.00601
0.00254
0.00424
0.00325
0.0047
0.00313
0.00476
0.00463
0.00222
0.00235
0.00677
0.00414
0.00447
0.00445
0.00342
0.0052
0.00532
0.00474
0.00342
0.00336
0.0069
0.0046
0.00561
0.00691
0.00428
0.00364
0.00386
0.00366
0.00367
0.00743
0.0053
0.00559
0.00668
0.00372
0.00566
0.00332
0.0059
0.00556
0.00574
0.00577
0.00563
0.00598
0.00408
0.00436
0.0029
0.00629
0.00502
0.00581
0.00619
0.0065
0.00201
0.00495
0.00562
0.00616
0.00562
0.00707
0.00738
0.00361
0.00652
0.00578
0.00489
0.00462
0.00583
0.00645
0.00544
0.00578
0.00712
0.00676
0.00508
0.00617
0.0051
0.00393
0.00467
0.00834
0.00629
0.0048
0.00529
0.00464
0.0045
0.00641
0.00354
0.00799
0.00434
0.00389
0.00462
0.00633
0.0045
0.00573
0.00302
0.00493
0.00466
0.00191
0.00405
0.00457
0.00538
0.00654
0.00478
0.00624
0.00539
0.00582
0.0041
0.00525
0.00647
0.00565
0.00693
0.00421
0.00721
0.00368
0.00568
0.00907
0.00336
0.0073
0.0042
0.00696
0.0048
0.00656
0.00462
0.00108
0.00323
0.00378
0.00584
0.00321
0.00358
0.00478
0.00311
0.00508
0.00295
0.00262
0.0031
0.00351
0.00639
0.00701
0.00542
0.00627
0.00605
0.00346
0.00636
0.00469
0.00495
0.00781
0.00469
0.00598
0.00364
0.00328
0.006
0.00665
0.00727
0.00435
0.00556
0.00276
0.00612
0.00585
0.00456
0.00395
0.00369
0.00645
0.00437
0.00441
0.00491
0.00516
0.00593
0.0049
0.00352
0.00307
0.00348
0.00544
0.00391
0.0052
0.00485
0.00341
0.00377
0.00395
0.00487
0.00842
0.00562
0.00638
0.00505
0.00391
0.00461
0.00358
0.0039
0.00666
0.00574
0.00387
0.00775
0.00554
0.00534
0.00434
0.00278
0.00419
0.00655
0.00436
0.00358
0.00405
0.0057
0.00535
0.00446
0.00245
0.00535
0.00492
0.00224
0.00511
0.00795
0.0058
0.00276
0.00345
0.00722
0.0052
0.00498
0.00274
0.00336
0.00475
0.00694
0.00337
0.00595
0.00296
0.00318
0.00331
0.00433
0.00298
0.00479
0.00287
0.00395
0.003
0.0047
0.00178
0.00327
0.00678
0.00262
0.0092
0.00338
0.00688
0.00514
0.0053
0.00309
0.00721
0.00335
0.00415
0.00527
0.00593
0.00513
0.00381
0.00795
0.00417
0.0056
0.00639
0.00405
0.00468
0.00653
0.0054
0.00807
0.00581
0.00421
0.00333
0.00447
0.0049
0.00481
0.00654
0.00499
0.00603
0.00557
0.0031
0.00449
0.00354
0.00434
0.005
0.00673
0.00454
0.00501
0.00688
0.00417
0.00529
0.00427
0.00516
0.0068
0.00515
0.00781
0.00583
0.00597
0.00614
0.00474
0.00494
0.00449
0.00391
0.00722
0.0062
0.00629
0.00734
0.00579
0.00694
0.004
0.00279
0.00532
0.00759
0.00636
0.00478
0.00376
0.00464
0.00301
0.00453
0.00439
0.0033
0.0068
0.0055
0.00405
0.00539
0.00549
0.00749
0.00408
0.00716
0.00497
0.00516
0.00506
0.00668
0.00596
0.00525
0.00624
0.0074
0.00467
0.0037
0.00601
0.0049
0.00685
0.00232
0.0051
0.00355
0.00374
0.006
0.00236
0.00393
0.00453
0.00543
0.00454
0.00798
0.00448
0.00711
0.0046
0.00712
0.00424
0.00249
0.00532
0.00319
0.00751
0.00431
0.00585
0.00465
0.00237
0.00466
0.00344
0.00291
0.00079
0.00409
0.00559
0.00365
0.00344
0.00221
0.00497
0.0041
0.00385
0.00543
0.00893
0.00681
0.0055
0.00633
0.00573
0.0049
0.00446
0.00382
0.00572
0.00385
0.00697
0.00547
0.00361
0.00316
0.00452
0.00416
0.00636
0.00587
0.00251
0.00529
0.00368
0.00567
0.00618
0.00331
0.00652
0.00425
0.00906
0.00637
0.00493
0.00431
0.0066
0.00461
0.00374
0.0043
0.00464
0.00692
0.00535
0.00539
0.00445
0.00319
0.00574
0.00203
0.00466
0.00445
0.00377
0.00453
0.00462
0.00394
0.00325
0.00402
0.00391
0.00593
0.00828
0.0054
0.00844
0.00377
0.007
0.00805
0.00438
0.00681
0.00333
0.00671
0.00558
0.00843
0.00324
0.00353
0.00586
0.00453
0.00426
0.00568
0.00519
0.00379
0.00662
0.00407
0.00392
0.00445
0.00469
0.00409
0.00517
0.00549
0.00668
0.00488
0.00534
0.00336
0.00591
0.006
0.00657
0.00355
0.00573
0.00536
0.00189
0.00328
0.004
0.00677
0.00454
0.00347
0.00524
0.00507
0.00536
0.00581
0.00538
0.00209
0.0055
0.0058
0.00267
0.00499
0.00449
0.00653
0.00354
0.00575
0.00636
0.00914
0.00639
0.00606
0.00755
0.00486
0.00605
0.00537
0.00571
0.00405
0.00396
0.00347
0.00817
0.00624
0.0078
0.00625
0.00532
0.00343
0.00696
0.00613
0.00555
0.00563
0.00353
0.00333
0.00348
0.00601
0.0032
0.00527
0.00377
0.00447
0.00349
0.00537
0.00423
0.00337
0.00506
0.00556
0.00624
0.0045
0.00291
0.00564
0.00308
0.00281
0.00496
0.00648
0.00377
0.00485
0.00287
0.01002
0.00371
0.00833
0.00569
0.00595
0.00376
0.00633
0.00549
0.00257
0.00879
0.00762
0.00563
0.00529
0.00508
0.0018
0.00284
0.00363
0.00599
0.00709
0.0043
0.00585
0.00722
0.00506
0.00586
0.00718
0.00565
0.00535
0.00378
0.00515
0.00383
0.00622
0.00363
0.00218
0.0052
0.00715
0.00392
0.00777
0.0039
0.00326
0.00605
0.00532
0.00656
0.00511
0.00719
0.00372
0.0079
0.00423
0.00494
0.00469
0.0052
0.00452
0.00568
0.00346
0.00354
0.00309
0.00446
0.00278
0.00522
0.00571
0.00489
0.00725
0.00699
0.00367
0.00334
0.0008
0.00513
0.00472
0.00494
0.00309
0.0045
0.00514
0.00582
0.00513
0.0055
0.00409
0.00426
0.00689
0.00569
0.0056
0.00447
0.00376
0.00616
0.00559
0.00516
0.0083
0.0075
0.00812
0.00872
0.00545
0.00387
0.00583
0.00647
0.00644
0.00566
0.00392
0.00803
0.0079
0.00405
0.00739
0.00557
0.00402
0.00431
0.00643
0.00589
0.00442
0.00516
0.00466
0.00563
0.00238
0.00502
0.00483
0.00453
0.0033
0.00845
0.00395
0.00584
0.00503
0.00584
0.00959
0.0051
0.0043
0.00632
0.00428
0.00577
0.00326
0.00681
0.00668
0.00415
0.00416
0.00688
0.00678
0.00487
0.00713
0.00452
0.00679
0.00799
0.00512
0.00549
0.00217
0.00395
0.00387
0.00553
0.00729
0.00447
0.00659
0.00395
0.00346
0.00517
0.0063
0.00612
0.00383
0.00346
0.00709
0.00643
0.00719
0.00804
0.00528
0.00357
0.00383
0.00527
0.00453
0.00492
0.00498
0.01008
0.00509
0.00567
0.00387
0.0041
0.0042
0.00553
0.00427
0.00247
0.0049
0.00592
0.00331
0.00543
0.00357
0.00342
0.00378
0.00354
0.00698
0.00519
0.00464
0.00416
0.00675
0.0054
0.00791
0.00648
0.00218
0.0054
0.00327
0.00355
0.00463
0.00712
0.00253
0.0075
0.00408
0.00428
0.0051
0.00261
0.00737
0.00466
0.00444
0.0063
0.00612
0.00583
0.00374
0.00808
0.00375
0.00353
0.00436
0.00681
0.00332
0.0062
0.00253
0.00655
0.00456
0.0067
0.005
0.00577
0.00515
0.00371
0.00781
0.00502
0.004
0.00552
0.0091
0.00545
0.00506
0.00514
0.00535
0.00424
0.00391
0.00514
0.00416
0.00478
0.00533
0.00487
0.00486
0.00483
0.00739
0.00478
0.00849
0.00491
0.00201
0.00485
0.007
0.00606
0.00536
0.00217
0.00392
0.0033
0.00395
0.00456
0.00718
0.00358
0.00647
0.00432
0.00339
0.00348
0.00385
0.00736
0.00406
0.00401
0.00525
0.00362
0.00477
0.00263
0.00593
0.00674
0.00679
0.00639
0.00809
0.00353
0.00562
0.00552
0.0066
0.00575
0.00264
0.00497
0.00664
0.00397
0.00482
0.00603
0.00652
0.00435
0.00356
0.00164
0.00781
0.00414
0.00427
0.0036
0.00518
0.00427
0.00429
0.00299
0.00688
0.00372
0.00574
0.00373
0.00396
0.00628
0.00378
0.00482
0.00406
0.0055
0.00577
0.00555
0.00451
0.00513
0.00466
0.00539
0.00633
0.00554
0.00482
0.00671
0.00301
0.00686
0.00488
0.00651
0.00639
0.00391
0.00588
0.00361
0.00471
0.00313
0.00382
0.00608
0.00393
0.00449
0.00484
0.00416
0.00505
0.00287
0.00509
0.00137
0.00428
0.00689
0.00446
0.0086
0.00432
0.00421
0.00674
0.00351
0.00394
0.00688
0.00729
0.00448
0.00385
0.00837
0.00631
0.00487
0.00606
0.00775
0.00595
0.00554
0.00454
0.00544
0.00536
0.00565
0.0054
0.00389
0.00484
0.00524
0.0053
0.00375
0.00503
0.00636
0.00692
0.00409
0.00377
0.00633
0.00174
0.00467
0.00488
0.00527
0.00402
0.00273
0.00416
0.00596
0.00477
0.00293
0.00567
0.00714
0.00669
0.00583
0.00468
0.00578
0.0077
0.00442
0.00333
0.00327
0.00679
0.00319
0.00449
0.00545
0.00266
0.00569
0.00479
0.0041
0.00458
0.00274
0.00565
0.00318
