51.72044
49.5962
50.68766
51.11344
51.04083
47.92282
48.10638
47.4754
51.87287
50.27364
50.89851
49.43788
47.3408
48.56495
47.71079
50.67255
49.51077
50.67081
52.04288
49.81859
51.69445
50.13589
48.31814
48.77243
47.2662
51.73639
50.24305
51.17155
51.99206
49.68308
49.47866
48.32708
49.67699
48.72306
49.16186
49.71408
51.6942
49.95808
51.14893
51.55204
51.62004
51.6383
47.69477
48.45569
48.47488
51.17745
51.58007
49.90805
49.99869
51.88387
49.1631
52.27902
51.23979
50.01646
49.52324
48.94372
51.02182
49.39818
49.49518
46.24161
48.15058
50.56729
50.87421
48.30278
50.30113
52.95645
49.64855
48.66715
47.74602
49.14496
47.30388
50.93552
49.24073
49.53354
52.85641
49.28991
50.26124
49.88799
49.60727
47.01827
50.9093
49.09442
51.30584
51.39033
49.09312
48.78035
47.01763
50.70957
49.9102
47.46646
50.24276
47.92429
50.35539
49.95533
50.19918
48.11438
49.17166
50.4628
51.63918
52.77311
51.18229
50.61796
48.87988
50.13761
48.84393
50.00657
48.76529
50.61722
51.02604
50.52445
49.69543
48.45597
52.76997
49.48659
49.00949
47.90771
50.65498
48.93037
50.20789
51.70131
51.04762
50.26107
49.24656
51.80665
51.89351
50.89803
52.95643
48.52768
49.1377
49.93418
50.78987
48.9545
49.30398
49.39526
50.27346
50.20338
51.99924
51.94404
48.48165
48.15502
48.52627
48.17574
50.16719
50.35165
49.06083
49.67846
52.20941
49.60515
49.77002
51.85261
51.07359
49.53812
46.77582
48.5675
49.50537
49.16148
48.29541
49.13931
48.18729
48.89339
48.93485
51.5812
52.12153
51.30698
49.04232
49.50966
49.84952
50.28037
47.56279
48.41788
50.03622
50.28569
48.74331
51.6247
49.78721
50.27486
51.68807
49.60186
48.5222
49.91232
50.30128
48.9214
51.74884
50.33186
51.98226
48.17913
51.6551
50.88862
48.62357
50.98053
49.32052
48.27248
51.10155
51.37754
47.26947
49.26322
48.58681
49.14486
51.29551
52.20536
49.07363
47.98536
51.86161
49.51956
49.67405
49.62076
49.76681
50.57997
48.80296
48.78334
51.06327
49.89355
46.42314
50.20148
47.97769
49.60801
49.0577
49.22139
48.11516
51.57021
49.23029
49.77671
51.68385
48.57569
47.45614
51.175
52.59108
48.95986
50.24622
52.03193
50.57594
51.39708
52.15061
49.85644
50.6757
50.28523
51.77928
51.81541
50.59431
47.35541
50.3719
50.23802
52.26343
49.96378
49.80138
49.90037
50.07883
51.67904
49.34548
51.69347
50.1036
48.85207
50.61686
52.69924
46.09824
50.18036
53.5693
50.89962
50.59554
50.03532
49.7305
47.37873
49.72911
50.48344
48.63667
51.01519
48.26504
50.85505
48.1908
51.58387
49.69772
51.62156
47.06786
52.02175
49.95972
50.34509
50.81858
52.16662
50.24182
51.10831
47.51708
49.3839
49.40745
50.72107
50.21209
48.82089
50.73501
50.89566
51.1836
51.08527
49.29057
51.60097
50.99596
50.46035
49.25932
49.68133
51.3954
48.16855
51.97897
46.137
49.84152
50.3115
52.12535
50.5783
50.69132
50.36458
49.58998
49.61025
51.02272
49.43913
52.70484
51.88668
52.44234
47.44045
48.91197
51.97501
51.5764
49.23101
50.3105
49.41058
49.18016
51.60055
50.88879
48.23718
47.07806
50.00051
52.23738
50.83264
49.26176
49.24861
50.59173
47.80933
50.21452
49.66043
50.38993
50.28009
49.38692
48.1956
48.57899
51.12374
50.88232
50.71153
49.8552
48.69465
48.74852
50.16727
48.38712
52.62634
50.74296
52.9414
51.11236
51.65129
49.94647
47.14773
50.18351
50.0373
49.74302
50.81419
45.97939
49.14151
49.48774
49.26607
50.28622
49.66021
48.73405
54.56502
48.91693
50.09129
50.01425
50.47045
50.00226
52.65194
47.44277
49.05455
48.68075
50.69022
51.12157
51.364
50.95306
48.95839
51.11552
49.0009
50.11952
51.69769
51.60519
48.29359
50.33108
50.0864
49.0104
51.28691
46.60251
49.6378
49.69122
51.54454
51.54863
48.24581
50.41332
47.50619
51.0511
51.26082
49.68759
48.53365
49.04908
50.42247
49.91571
50.31855
51.96268
51.52289
48.26499
50.80737
51.98228
49.42083
49.37271
46.82989
52.49453
50.18392
46.96019
48.2182
51.55441
50.02978
51.55708
48.82915
49.51965
50.47777
51.53421
53.03254
49.07374
51.51111
52.77743
53.95619
48.33303
48.0046
50.94771
49.69873
48.31475
49.20982
50.49361
48.92795
50.68969
50.31489
52.31556
50.86184
49.00089
49.91134
52.86726
48.06067
49.31809
50.72437
50.56823
48.91205
50.00876
48.53022
48.6163
48.24003
51.11279
50.98365
48.63751
52.7776
50.68787
50.90813
52.47652
52.49987
48.81782
49.06314
50.19643
50.13037
49.85556
51.62747
48.70428
49.91526
50.99761
49.17303
51.15311
50.26052
50.22861
48.25231
51.53948
48.63038
49.58501
47.97553
52.43181
51.30406
50.92565
51.475
49.38016
46.827
49.05432
51.81231
49.62603
48.47543
48.45571
51.06158
48.23103
50.61325
51.50025
48.51934
51.48182
48.96651
49.16934
50.10416
48.45523
49.22828
48.26973
50.39134
51.36168
50.22255
50.6177
47.88055
46.47506
48.48798
49.01517
50.60664
48.99356
49.21452
50.40547
51.9564
46.20169
49.86339
49.84604
50.29027
51.00982
48.86838
51.90504
49.73626
51.16299
51.38852
50.04846
50.02444
51.45698
50.41707
51.61882
52.21798
50.81654
46.82892
49.85681
48.17535
50.31596
50.14362
50.78253
49.74893
52.60791
49.08856
50.36112
49.25658
51.68563
49.92603
46.86144
50.6585
50.96334
51.01269
48.03509
50.14865
50.805
47.5637
47.17823
49.20592
48.24781
50.48876
49.77896
50.83174
52.54126
52.1099
52.86707
48.85495
48.74116
50.94243
49.18482
51.40349
50.88957
49.23743
48.23399
50.26255
48.57328
48.98555
49.97094
49.71459
48.74506
50.76615
50.99648
48.8288
49.61555
49.3062
50.81664
47.49424
51.83012
47.90879
49.45676
48.93616
51.00895
50.09487
50.25897
50.64698
48.60156
50.10412
50.5942
51.18212
49.94989
47.61675
49.2442
49.69176
47.8417
48.72098
50.3378
50.75234
49.03021
49.59332
48.98637
48.26233
51.21439
48.22094
50.88959
49.70549
50.04224
52.93271
49.82093
52.28066
50.71304
50.1576
48.15709
50.68084
49.17987
48.28953
47.09991
49.68868
51.04932
50.96786
48.79872
49.85232
49.29973
53.00083
50.71829
52.02244
49.09374
50.96763
48.7479
50.12303
51.21785
49.85517
50.60619
51.75637
49.81507
49.95635
48.51949
50.0621
51.3414
49.07517
48.41107
49.0364
51.54399
50.02231
52.35338
48.57342
49.86141
52.42004
50.99575
52.14421
47.57876
47.48815
51.05605
52.18059
51.74196
49.87302
47.50095
48.81715
50.74561
53.35091
49.05752
47.17267
49.26957
51.01513
52.29919
50.22427
50.83159
47.41495
47.79276
51.36325
52.01159
49.65472
50.33385
50.77842
51.70886
50.67559
48.83878
48.98175
48.9896
49.92647
50.19455
48.41009
49.16668
49.32557
52.67124
48.76625
48.80294
51.55252
46.77439
49.78367
50.24804
50.85096
49.47687
48.52167
51.37523
47.853
49.65179
52.20652
48.61371
48.85023
48.78321
48.74703
48.32493
52.50631
49.09349
54.20107
47.4133
48.97105
49.93945
48.9021
49.04782
48.58858
50.66355
48.37462
48.28979
48.75515
50.84863
52.78284
50.14355
48.03563
49.3458
48.70535
49.83846
50.01142
49.12972
50.24269
50.93079
47.4077
51.82625
49.15585
53.01021
48.61999
49.15904
51.33843
46.63199
51.31729
51.39332
50.38731
49.56304
48.59071
50.34371
49.89135
49.4167
49.60101
52.07476
49.02895
49.77932
48.84113
49.92652
47.35929
48.40017
50.98654
51.9936
47.0327
51.58739
47.17186
51.00277
52.16163
51.11376
49.64657
49.70129
49.21075
53.26003
50.28539
50.16845
50.89419
49.67237
51.01278
50.2588
48.64921
49.41124
49.3105
48.81407
51.00433
49.89214
49.82715
49.20321
47.15988
52.34599
48.67461
50.78058
51.0044
50.34501
51.90945
50.39563
50.54632
48.59541
52.46149
49.58873
52.22325
51.27791
51.45263
49.1956
49.06895
49.03088
49.51211
48.59836
50.11965
48.53549
50.87291
50.45086
50.78539
52.36285
49.78619
51.16743
47.95389
48.83755
51.46734
49.83905
49.64527
47.63825
50.56879
49.1916
48.64555
48.84227
48.77392
47.78682
47.53298
50.0633
48.93307
48.54254
49.01149
51.67962
49.65274
49.9801
51.8512
50.2852
49.4097
50.61131
49.3726
47.8322
52.78072
47.41704
50.11683
51.27756
52.31203
50.26761
50.98267
51.22137
51.93852
50.49826
49.98228
51.44602
50.25593
49.33011
49.12774
49.51876
52.16292
51.14543
50.86388
49.80568
49.24089
49.46772
49.65013
49.48214
47.31396
50.85325
50.16104
49.06175
52.78294
48.60182
48.82564
50.6182
52.8088
51.04726
51.43331
49.5833
50.17393
53.28081
49.97388
48.85009
49.78872
48.89052
48.16791
49.88458
49.04861
50.45826
50.52338
47.79171
48.43711
50.93845
50.0651
51.4849
51.10419
48.75572
47.42624
48.07591
48.8378
50.52592
50.20017
50.80043
49.71525
50.75504
50.12889
50.94655
48.26956
51.38036
50.49231
51.3366
50.1807
51.26125
49.82718
46.62334
49.26079
50.65698
50.72512
49.90455
51.89231
49.96661
48.39393
48.8245
49.185
51.68283
49.7765
48.65318
50.86857
52.5645
48.99996
49.1698
49.93586
50.83582
48.69424
48.83477
50.14935
51.14855
48.43076
50.28157
49.88896
51.18286
49.49007
48.52332
47.64556
49.97997
51.22864
48.8019
49.03906
47.39503
50.19651
53.10406
50.58609
46.8129
51.53105
49.3158
46.7486
51.10902
49.75189
52.56177
49.15193
47.54873
48.41623
48.92065
50.26203
52.4804
47.27592
47.51372
50.10066
50.09148
53.6976
51.94316
49.05579
52.09469
51.81721
51.89908
50.75216
48.92919
50.16116
53.78781
49.11442
50.34151
50.03449
52.51599
50.23826
51.31273
52.81771
49.61295
52.8775
49.09485
50.68239
48.7235
48.9635
51.60388
49.68323
50.59577
49.30605
51.061
49.4351
48.03129
49.94561
48.14575
49.96258
50.33322
48.95141
51.16389
49.14952
