5.0 -1.7 50 0.355
5.0 -1.7 100 0.115
5.0 -1.7 200 0.027
5.0 -1.8 50 0.198
5.0 -1.8 100 0.064
5.0 -1.8 200 0.014
5.0 -1.9 50 0.116
5.0 -1.9 100 0.039
5.0 -1.9 200 0.01
5.0 -2.0 50 0.055
5.0 -2.0 100 0.016
5.0 -2.0 200 0.009
5.0 -2.1 50 0.034
5.0 -2.1 100 0.011
5.0 -2.1 200 0.005
5.0 -2.2 50 0.016
5.0 -2.2 100 0.01
5.0 -2.2 200 0.006
5.0 -2.3 50 0.014
5.0 -2.3 100 0.005
5.0 -2.3 200 0.001
10.0 -1.7 50 0.855
10.0 -1.7 100 0.355
10.0 -1.7 200 0.062
10.0 -1.8 50 0.668
10.0 -1.8 100 0.215
10.0 -1.8 200 0.05
10.0 -1.9 50 0.419
10.0 -1.9 100 0.11
10.0 -1.9 200 0.033
10.0 -2.0 50 0.274
10.0 -2.0 100 0.059
10.0 -2.0 200 0.017
10.0 -2.1 50 0.133
10.0 -2.1 100 0.032
10.0 -2.1 200 0.01
10.0 -2.2 50 0.066
10.0 -2.2 100 0.02
10.0 -2.2 200 0.006
10.0 -2.3 50 0.033
10.0 -2.3 100 0.005
10.0 -2.3 200 0.005
15.0 -1.7 50 0.987
15.0 -1.7 100 0.617
15.0 -1.7 200 0.143
15.0 -1.8 50 0.917
15.0 -1.8 100 0.423
15.0 -1.8 200 0.078
15.0 -1.9 50 0.744
15.0 -1.9 100 0.242
15.0 -1.9 200 0.045
15.0 -2.0 50 0.511
15.0 -2.0 100 0.129
15.0 -2.0 200 0.029
15.0 -2.1 50 0.3
15.0 -2.1 100 0.067
15.0 -2.1 200 0.016
15.0 -2.2 50 0.157
15.0 -2.2 100 0.041
15.0 -2.2 200 0.009
15.0 -2.3 50 0.078
15.0 -2.3 100 0.019
15.0 -2.3 200 0.005
20.0 -1.7 50 0.999
20.0 -1.7 100 0.797
20.0 -1.7 200 0.209
20.0 -1.8 50 0.986
20.0 -1.8 100 0.597
20.0 -1.8 200 0.122
20.0 -1.9 50 0.911
20.0 -1.9 100 0.382
20.0 -1.9 200 0.08
20.0 -2.0 50 0.72
20.0 -2.0 100 0.219
20.0 -2.0 200 0.048
20.0 -2.1 50 0.497
20.0 -2.1 100 0.109
20.0 -2.1 200 0.029
20.0 -2.2 50 0.274
20.0 -2.2 100 0.074
20.0 -2.2 200 0.022
20.0 -2.3 50 0.144
20.0 -2.3 100 0.022
20.0 -2.3 200 0.01
25.0 -1.7 50 1.0
25.0 -1.7 100 0.909
25.0 -1.7 200 0.307
25.0 -1.8 50 0.999
25.0 -1.8 100 0.753
25.0 -1.8 200 0.196
25.0 -1.9 50 0.973
25.0 -1.9 100 0.535
25.0 -1.9 200 0.12
25.0 -2.0 50 0.874
25.0 -2.0 100 0.33
25.0 -2.0 200 0.067
25.0 -2.1 50 0.673
25.0 -2.1 100 0.182
25.0 -2.1 200 0.035
25.0 -2.2 50 0.438
25.0 -2.2 100 0.087
25.0 -2.2 200 0.013
25.0 -2.3 50 0.241
25.0 -2.3 100 0.052
25.0 -2.3 200 0.01
30.0 -1.7 50 1.0
30.0 -1.7 100 0.967
30.0 -1.7 200 0.46153846153846156
30.0 -1.8 50 0.999
30.0 -1.8 100 0.87
30.0 -1.8 200 0.263
30.0 -1.9 50 0.998
30.0 -1.9 100 0.68
30.0 -1.9 200 0.144
30.0 -2.0 50 0.947
30.0 -2.0 100 0.448
30.0 -2.0 200 0.068
30.0 -2.1 50 0.805
30.0 -2.1 100 0.27
30.0 -2.1 200 0.04
30.0 -2.2 50 0.566
30.0 -2.2 100 0.119
30.0 -2.2 200 0.028
30.0 -2.3 50 0.362
30.0 -2.3 100 0.076
30.0 -2.3 200 0.014
40.0 -1.7 50 1.0
40.0 -1.7 100 0.997
40.0 -1.7 200 0.5410557184750733
40.0 -1.8 50 1.0
40.0 -1.8 100 0.954
40.0 -1.8 200 0.396
40.0 -1.9 50 1.0
40.0 -1.9 100 0.85
40.0 -1.9 200 0.251
40.0 -2.0 50 0.998
40.0 -2.0 100 0.651
40.0 -2.0 200 0.143
40.0 -2.1 50 0.956
40.0 -2.1 100 0.415
40.0 -2.1 200 0.071
40.0 -2.2 50 0.8
40.0 -2.2 100 0.24
40.0 -2.2 200 0.031
40.0 -2.3 50 0.547
40.0 -2.3 100 0.1
40.0 -2.3 200 0.018
50.0 -1.7 50 1.0
50.0 -1.7 100 1.0
50.0 -1.7 200 0.722
50.0 -1.8 50 1.0
50.0 -1.8 100 0.993
50.0 -1.8 200 0.6098726114649682
50.0 -1.9 50 1.0
50.0 -1.9 100 0.945
50.0 -1.9 200 0.335
50.0 -2.0 50 1.0
50.0 -2.0 100 0.799
50.0 -2.0 200 0.19
50.0 -2.1 50 0.987
50.0 -2.1 100 0.58
50.0 -2.1 200 0.114
50.0 -2.2 50 0.922
50.0 -2.2 100 0.359
50.0 -2.2 200 0.065
50.0 -2.3 50 0.726
50.0 -2.3 100 0.188
50.0 -2.3 200 0.028
