2.0485
1.99492
2.01148
1.99875
2.00741
1.98204
2.00228
1.98984
2.05581
2.02491
1.95515
1.96195
1.96966
1.98773
2.00408
1.98277
2.00886
1.96478
2.05917
2.00124
1.9948
2.04467
2.06138
2.02795
1.98069
2.02809
2.01466
1.96954
2.00594
2.02865
1.96112
1.98966
1.99877
2.0259
2.04156
1.9582
2.01976
1.95602
1.9687
2.01802
1.97923
1.94133
2.00555
2.03171
1.9723
1.93006
1.9494
2.02567
1.94468
1.93092
1.94365
1.95126
2.0067
2.00061
1.96825
1.95785
1.98151
1.95618
2.05002
2.05901
1.93178
2.00841
2.01652
1.96645
1.97885
2.02133
1.96179
2.09048
1.93569
1.9755
1.95386
1.96167
2.00832
2.05291
2.00172
2.01767
2.02545
2.00157
2.03492
1.99021
1.97471
2.02021
2.01184
1.98367
1.95411
2.0638
2.02433
1.96298
2.01419
2.01095
1.98133
2.02368
2.02269
1.99889
1.98822
2.03255
2.02042
2.01393
2.04953
1.96377
