0.00916
0.01297
0.01151
0.01106
0.01225
0.00981
0.01042
0.01429
0.0059
0.00463
0.01537
0.01385
0.01798
0.01051
0.00962
0.018
0.01318
0.01728
0.00298
0.01249
0.01338
0.00127
0.00828
0.00942
0.00924
0.00831
0.00906
0.01329
0.01245
0.00534
0.02113
0.00276
0.00961
0.00914
0.00674
0.01364
0.00675
0.0096
0.01123
0.00547
0.00558
0.00877
0.0029
0.00012
0.00739
0.01376
0.01155
0.00993
0.01655
0.03294
0.01208
0.01022
0.00629
0.01175
0.01515
0.0136
0.01002
0.01386
0.00012
0.00618
0.01627
0.01042
0.00991
0.01555
0.01376
0.00812
0.0195
0.00203
0.01004
0.02012
0.01624
0.01884
0.01098
0.0054
0.0159
0.00758
0.00585
0.00396
0.01035
0.00968
0.01303
0.0038
0.00796
0.01512
0.02221
0.00271
0.00454
0.01406
0.00791
0.00657
0.0174
0.00455
0.00174
0.01221
0.00919
0.00621
0.00639
0.00624
0.00769
0.01084
