20.56296
19.7212
20.91898
19.56559
19.90962
19.7125
20.36577
20.07114
19.51875
20.23237
20.42365
19.51974
20.09933
20.89224
19.92414
20.33964
20.70218
19.60638
20.19709
20.09945
20.32576
19.70286
20.36336
19.74093
20.40981
21.13518
19.25565
21.01347
19.39166
20.64518
20.59275
19.97358
20.86894
19.37704
20.61421
19.82226
21.79206
20.89732
20.33928
20.15358
19.27811
19.28549
19.93415
20.29954
19.75605
18.69615
19.84206
20.42534
19.30836
19.90847
18.0156
19.56454
20.57632
20.04227
20.25007
20.23172
19.57083
20.01186
19.77711
20.2854
20.35656
19.76804
20.71774
19.53279
19.97004
19.96968
20.45419
19.28688
20.06165
19.319
19.80323
19.87816
20.97824
19.85492
20.2714
18.78629
19.85383
18.46128
19.70729
19.50693
19.97032
18.88838
19.88941
20.10443
19.19107
20.46652
20.46308
19.45074
20.39823
19.92018
19.78473
19.88918
19.532
19.21521
19.77402
20.14032
19.09317
19.23828
19.45473
19.57399
