4.54982
8.52498
7.16457
6.58904
7.38956
5.88751
6.47456
10.1858
2.05789
1.60153
11.63286
9.26859
14.08086
6.67598
5.61697
13.44238
8.60955
13.24201
0.64168
7.85599
8.96539
0.13573
3.62986
4.8976
5.85438
4.39338
4.59733
10.12448
7.00162
2.01836
18.27072
0.71146
5.96386
4.5004
2.82663
10.7257
3.17072
6.85608
7.20389
2.16862
2.48408
5.78523
0.72164
0.0012
4.02112
10.4342
8.59446
5.27808
12.72585
22.83364
8.13265
6.64211
2.81344
7.48239
11.48332
10.5727
6.22394
10.36565
0.00102
2.17671
14.44473
5.99635
5.69583
11.19612
9.87969
3.91692
14.58131
0.27452
7.36556
14.16167
13.22529
15.47361
6.71091
1.75273
11.22412
3.4663
2.33653
1.133
5.23003
5.73907
8.96173
1.0466
4.12034
10.48663
17.86957
0.52678
1.6127
10.24546
3.83786
3.00273
11.6823
1.48849
0.26827
6.87777
5.14896
2.49942
2.54474
2.54093
3.19629
7.3197
