1.70728
1.71856
1.73537
1.71806
1.71387
1.71217
1.72224
1.7205
1.7174
1.71282
1.70685
1.70546
1.71573
1.74762
1.70981
1.72554
1.71443
1.71255
1.71775
1.68097
1.75583
1.72951
1.72974
1.73599
1.71488
1.73192
1.7246
1.70515
1.71131
1.71617
1.70564
1.72431
1.70193
1.74297
1.72997
1.70962
1.71054
1.73343
1.7271
1.73188
1.71696
1.70617
1.73287
1.71521
1.74261
1.70803
1.69987
1.72551
1.72399
1.73364
1.7091
1.7127
1.68589
1.71338
1.71458
1.71258
1.71434
1.69935
1.7273
1.71261
1.71143
1.71434
1.71185
1.71854
1.69857
1.70134
1.74162
1.70241
1.72532
1.71519
1.71914
1.69763
1.71176
1.72142
1.70339
1.7129
1.72103
1.73343
1.70211
1.73552
1.74252
1.72305
1.7234
1.72237
1.70892
1.73295
1.72086
1.71784
1.72196
1.72281
1.71622
1.73402
1.73578
1.72857
1.71892
1.7163
1.7273
1.6975
1.71746
1.69878
1.70009
1.72227
1.73249
1.71475
1.69641
1.70815
1.71458
1.71318
1.72986
1.7294
1.71621
1.71425
1.71524
1.71441
1.72409
1.69081
1.75597
1.69454
1.71938
1.72791
1.74661
1.72732
1.74077
1.75465
1.69889
1.72221
1.72242
1.70239
1.71183
1.70812
1.70085
1.71169
1.70282
1.72898
1.74701
1.70501
1.72134
1.71847
1.71098
1.73531
1.72207
1.69648
1.71789
1.70569
1.71044
1.72949
1.68902
1.71903
1.72569
1.68497
1.70816
1.71361
1.72735
1.71287
1.72505
1.72331
1.71208
1.70485
1.74533
1.71969
1.71625
1.70297
1.72789
1.74951
1.71106
1.72011
1.70477
1.68024
1.72583
1.72007
1.71088
1.72643
1.71621
1.71131
1.73706
1.70344
1.73248
1.71594
1.70044
1.72632
1.74334
1.72334
1.71693
1.71018
1.71634
1.71079
1.71655
1.70703
1.6863
1.7029
1.71156
1.72833
1.72599
1.72267
1.71005
1.70926
1.73919
1.76197
1.72138
1.72236
1.71862
1.715
1.73559
1.71767
1.713
1.70682
1.68726
1.7056
1.7348
1.6837
1.75624
1.7152
1.73405
1.70719
1.70559
1.71101
1.72221
1.72872
1.72175
1.72207
1.70761
1.74314
1.72361
1.70131
1.7406
1.73367
1.72035
1.72732
1.72449
1.70837
1.73037
1.70402
1.6886
1.73422
1.74143
1.73848
1.71534
1.70069
1.72387
1.72064
1.74513
1.74402
1.71158
1.70998
1.72202
1.6816
1.72204
1.7215
1.70558
1.70869
1.69078
1.70743
1.74753
1.71508
1.73976
1.71364
1.73023
1.74197
1.69866
1.71497
1.68107
1.71963
1.69352
1.71837
1.7058
1.7225
1.71196
1.70945
1.70962
1.73321
1.72721
1.71237
1.70472
1.7181
1.73541
1.70325
1.70012
1.68087
1.73075
1.72826
1.72612
1.70475
1.72659
1.74691
1.71113
1.72512
1.72551
1.7103
1.6926
1.71002
1.70379
1.71202
1.73711
1.70322
1.70019
1.73686
1.70841
1.71343
1.72404
1.71057
1.70071
1.7273
1.69941
1.74348
1.71693
1.69525
1.73141
1.72438
1.70048
1.68223
1.70653
1.71972
1.73826
1.71616
1.73043
1.71276
1.72868
1.72628
1.73997
1.70856
1.7469
1.73968
1.73363
1.73368
1.69703
1.73056
1.70685
1.71372
1.71641
1.7267
1.71992
1.71593
1.71539
1.69848
1.71317
1.69881
1.71225
1.73858
1.69679
1.71446
1.74193
1.72228
1.70776
1.73134
1.70923
1.76014
1.73026
1.72951
1.69425
1.7112
1.73211
1.71433
1.73172
1.71968
1.72688
1.72781
1.72036
1.73769
1.6941
1.706
1.70331
1.70152
1.72909
1.71379
1.72741
1.73718
1.7319
1.7151
1.68199
1.72967
1.70892
1.72343
1.69361
1.72624
1.71636
1.72907
1.71466
1.71244
1.7127
1.71794
1.71883
1.73883
1.72369
1.69713
1.71922
1.73463
1.72243
1.73134
1.7212
1.71957
1.72094
1.69827
1.73046
1.7095
1.71343
1.71917
1.70721
1.74672
1.72015
1.7026
1.721
1.69863
1.70899
1.74374
1.73548
1.70987
1.72153
1.72263
1.75499
1.69751
1.71885
1.73106
1.70371
1.72277
1.74616
1.70002
1.69086
1.72043
1.71666
1.71188
1.69425
1.70442
1.72431
1.73615
1.73247
1.7398
1.73264
1.71536
1.71083
1.72598
1.69471
1.69734
1.73722
1.7094
1.73124
1.67286
1.73378
1.71075
1.69505
1.73699
1.71162
1.72822
1.72338
1.75202
1.71628
1.74097
1.72417
1.74126
1.7201
1.7375
1.7443
1.71413
1.68733
1.69598
1.71123
1.70892
1.70051
1.72499
1.71785
1.739
1.72634
1.71009
1.72844
1.71829
1.70267
1.73668
1.73117
1.70766
1.71007
1.72106
1.71006
1.71798
1.70762
1.70967
1.75138
1.68501
1.71974
1.72572
1.70306
1.71819
1.68017
1.72542
1.72408
1.69791
1.73216
1.7092
1.71588
1.72295
1.71059
1.71248
1.72197
1.7196
1.71802
1.70977
1.71009
1.71433
1.72577
1.7337
1.71862
1.72003
1.71222
1.71597
1.71672
1.70864
1.73408
1.73077
1.71277
1.73184
1.72047
1.72742
1.72875
1.72228
1.7237
1.69326
1.73482
1.73801
1.74076
1.70752
1.68408
1.71461
1.72452
1.75283
1.72679
1.6959
1.69978
1.73658
1.72814
1.73691
1.7018
1.70941
1.70627
1.70559
1.71653
1.72477
1.74995
1.70191
1.73274
1.69714
1.70025
1.70518
1.70904
1.72029
1.73612
1.71883
1.69277
1.70389
1.73255
1.73501
1.71444
1.72559
1.69447
1.72324
1.68768
1.73444
1.70391
1.69356
1.73288
1.74638
1.7614
1.71748
1.71938
1.72933
1.71846
1.72092
1.7188
1.72653
1.7167
1.71333
1.70216
1.68571
1.71025
1.69323
1.69388
1.69874
1.70644
1.70883
1.72901
1.75037
1.72928
1.71365
1.74726
1.74445
1.73268
1.69454
1.76363
1.72398
1.71052
1.71334
1.70751
1.71203
1.69348
1.70779
1.73086
1.71797
1.735
1.73546
1.73039
1.72408
1.7035
1.72294
1.73086
1.72367
1.70413
1.72252
1.71486
1.72022
1.73181
1.71717
1.70107
1.73898
1.71562
1.73877
1.6996
1.71926
1.68088
1.71566
1.69407
1.72548
1.71069
1.71664
1.70517
1.71245
1.71867
1.72938
1.68795
1.72543
1.71552
1.72469
1.71341
1.72028
1.70734
1.73248
1.73458
1.72651
1.7071
1.72871
1.72033
1.73311
1.68644
1.73409
1.75181
1.72635
1.70581
1.70464
1.71819
1.71815
1.72918
1.71133
1.73333
1.70973
1.73711
1.72937
1.70177
1.70347
1.73306
1.70493
1.72617
1.71612
1.75412
1.70551
1.72516
1.69536
1.71413
1.70569
1.72646
1.71748
1.70649
1.73449
1.73865
1.71925
1.71204
1.70373
1.69477
1.70836
1.68903
1.717
1.72559
1.71755
1.7121
1.70998
1.74925
1.71741
1.74156
1.70069
1.71888
1.71351
1.71039
1.7457
1.71102
1.72937
1.69021
1.73694
1.72253
1.69989
1.71409
1.71558
1.76661
1.73469
1.71095
1.71017
1.71843
1.72341
1.68732
1.7147
1.72278
1.7114
1.73266
1.71089
1.71774
1.74892
1.70567
1.76427
1.69455
1.71848
1.70229
1.69133
1.70825
1.72365
1.73478
1.7541
1.69124
1.729
1.71553
1.72332
1.70801
1.7348
1.73326
1.68961
1.7136
1.72666
1.72158
1.7092
1.69459
1.70727
1.72723
1.72007
1.73248
1.71474
1.75533
1.73909
1.74062
1.71053
1.71346
1.72336
1.70529
1.71461
1.69302
1.68973
1.71555
1.70721
1.69419
1.71479
1.71974
1.72139
1.72827
1.72684
1.69105
1.71983
1.73045
1.71772
1.72227
1.72484
1.71088
1.69827
1.75923
1.7217
1.7302
1.72306
1.71825
1.69469
1.71389
1.72093
1.69757
1.75162
1.75535
1.73067
1.70371
1.72011
1.72925
1.72645
1.70762
1.70566
1.70785
1.71157
1.70884
1.72839
1.73027
1.72123
1.71283
1.71871
1.70738
1.70594
1.71018
1.73235
1.73364
1.69688
1.72641
1.72043
1.73772
1.69909
1.71409
1.73447
1.73161
1.71282
1.71739
1.71669
1.7063
1.72655
1.75813
1.75327
1.70127
1.7182
1.73393
1.72864
1.68429
1.71295
1.70708
1.71714
1.73448
1.71808
1.71226
1.70504
1.67445
1.71209
1.70438
1.73836
1.72001
1.72976
1.73804
1.71903
1.73269
1.72153
1.69835
1.75302
1.7266
1.70135
1.71503
1.72088
1.72874
1.70958
1.74966
1.70652
1.73925
1.73823
1.74338
1.73339
1.7125
1.701
1.69698
1.74221
1.72216
1.69523
1.74113
1.74229
1.70584
1.70838
1.73855
1.73078
1.70979
1.70615
1.75302
1.70913
1.71872
1.70367
1.70466
1.7061
1.73711
1.70336
1.72063
1.70745
1.7109
1.72107
1.7107
1.70864
1.70882
1.71747
1.71802
1.75175
1.72664
1.69436
1.71998
1.69962
1.72605
1.70524
1.70673
1.74786
1.71791
1.71408
1.73129
1.71047
1.72335
1.73269
1.70529
1.70191
1.7168
1.70734
1.68627
1.71671
1.73853
1.71838
1.71298
1.74235
1.72825
1.70897
1.70282
1.74107
1.70356
1.71169
1.7079
1.73257
1.74036
1.73027
1.69805
1.76316
1.71391
1.70673
1.7133
1.7127
1.72258
1.73192
1.69244
1.73191
1.68603
1.702
1.71138
1.7058
1.72442
1.72944
1.74313
1.7308
1.73588
1.71281
1.71948
1.69152
1.70519
1.73911
1.7071
1.72734
1.72074
1.73164
1.71828
1.72306
1.73593
1.69612
1.71999
1.72509
1.71094
1.73418
1.71654
1.71375
1.68966
1.71059
1.71295
1.72819
1.69898
1.71238
1.73687
1.7011
1.73873
1.70735
1.71472
1.72619
1.72772
1.72627
1.69641
1.73671
1.70936
1.69953
1.73071
1.72866
1.70372
1.72202
1.71362
1.70596
1.71837
1.69655
1.73127
1.70368
1.73439
1.71044
1.72998
1.7217
1.72385
1.7128
1.72192
1.69517
1.74634
1.72553
1.73531
1.73093
1.71488
1.71986
1.7314
1.71664
1.72239
1.70831
1.70168
1.68425
1.70391
1.72313
