0.00381
0.00342
0.00302
0.00349
0.00335
0.00383
0.00379
0.00293
0.00308
0.00204
0.00375
0.00405
0.00247
0.00341
0.0027
0.00276
0.00295
0.00321
0.00357
0.00382
0.00084
0.00313
0.00254
0.00325
0.00313
0.00222
0.00235
0.00342
0.00342
0.00336
0.00364
0.00386
0.00366
0.00367
0.00372
0.00332
0.00408
0.0029
0.00201
0.00361
0.00393
0.00354
0.00389
0.00302
0.00191
0.00405
0.0041
0.00368
0.00336
0.00108
0.00323
0.00378
0.00321
0.00358
0.00311
0.00295
0.00262
0.0031
0.00351
0.00346
0.00364
0.00328
0.00276
0.00395
0.00369
0.00352
0.00307
0.00348
0.00391
0.00341
0.00377
0.00395
0.00391
0.00358
0.0039
0.00387
0.00278
0.00358
0.00405
0.00245
0.00224
0.00276
0.00345
0.00274
0.00336
0.00337
0.00296
0.00318
0.00331
0.00298
0.00287
0.00395
0.003
0.00178
0.00327
0.00262
0.00338
0.00309
0.00335
0.00381
0.00405
0.00333
0.0031
0.00354
0.00391
0.004
0.00279
0.00376
0.00301
0.0033
0.00405
0.00408
0.0037
0.00232
0.00355
0.00374
0.00236
0.00393
0.00249
0.00319
0.00237
0.00344
0.00291
0.00079
0.00409
0.00365
0.00344
0.00221
0.00385
0.00382
0.00385
0.00361
0.00316
0.00416
0.00251
0.00368
0.00331
0.00374
0.00319
0.00203
0.00377
0.00394
0.00325
0.00402
0.00391
0.00377
0.00333
0.00324
0.00353
0.00379
0.00407
0.00392
0.00336
0.00355
0.00189
0.00328
0.004
0.00347
0.00209
0.00267
0.00354
0.00405
0.00396
0.00347
0.00343
0.00353
0.00333
0.00348
0.0032
0.00377
0.00349
0.00337
0.00291
0.00308
0.00281
0.00377
0.00287
0.00371
0.00376
0.00257
0.0018
0.00284
0.00363
0.00378
0.00383
0.00363
0.00218
0.00392
0.0039
0.00326
0.00372
0.00346
0.00354
0.00309
0.00278
0.00367
0.00334
0.0008
0.00309
0.00409
0.00376
0.00387
0.00392
0.00402
0.00238
0.0033
0.00395
0.00326
0.00217
0.00395
0.00387
0.00395
0.00346
0.00383
0.00346
0.00357
0.00383
0.00387
0.00247
0.00331
0.00357
0.00342
0.00378
0.00354
0.00416
0.00218
0.00327
0.00355
0.00253
0.00408
0.00261
0.00374
0.00375
0.00353
0.00332
0.00253
0.00371
0.004
0.00424
0.00391
0.00201
0.00217
0.00392
0.0033
0.00395
0.00358
0.00339
0.00348
0.00385
0.00406
0.00401
0.00362
0.00263
0.00353
0.00264
0.00397
0.00356
0.00164
0.00414
0.0036
0.00299
0.00372
0.00373
0.00396
0.00378
0.00406
0.00301
0.00391
0.00361
0.00313
0.00382
0.00393
0.00416
0.00287
0.00137
0.00421
0.00351
0.00394
0.00385
0.00389
0.00375
0.00409
0.00377
0.00174
0.00273
0.00293
0.00333
0.00327
0.00319
0.00266
0.0041
0.00274
0.00318
0.00401
0.00376
0.00367
0.0034
0.00313
0.00368
0.00321
0.00347
0.0016
0.00291
0.00287
0.0034
0.00384
0.00415
0.00399
0.00393
0.00407
0.0034
0.0034
0.00311
0.00361
0.00277
0.00405
0.0027
0.00133
0.00241
0.00283
0.00272
0.00241
0.00362
0.00392
0.00365
0.00191
0.0035
0.00386
0.00398
0.00362
0.00328
0.00244
0.00321
0.0034
0.00375
0.00396
0.00375
0.00317
0.00358
0.00305
0.00323
0.00382
0.00357
0.00292
0.00389
0.00356
0.0035
0.00365
0.00399
0.00366
0.00358
0.00396
0.00423
0.00269
0.00408
0.00366
0.00189
0.00409
0.004
0.0038
0.00342
0.00237
0.00225
0.00273
0.00314
0.003
0.00296
0.00259
0.00401
0.00301
0.00387
0.00243
0.00365
0.00425
0.00347
0.00124
0.00364
0.00388
0.00231
0.00359
0.00356
0.00299
0.00228
0.00185
0.00345
0.00342
0.00222
0.00285
0.00373
0.00325
0.00356
0.00391
0.00354
0.004
0.00169
0.00289
0.00368
0.00174
0.00243
0.0041
0.00211
0.0036
0.00368
0.00278
0.00292
0.00417
0.00375
0.00346
0.00326
0.00407
0.00351
0.00291
0.00329
0.00298
0.00238
0.00325
0.00399
0.00369
0.0038
0.00404
0.00389
0.00385
0.00378
0.00358
0.00265
0.00169
0.00347
0.00343
0.00331
0.00417
0.00308
0.00308
0.00386
0.00409
0.0027
0.00391
0.00348
0.00354
0.00392
0.00295
0.00367
0.00374
0.00357
0.00334
0.00206
0.00227
0.00355
0.00201
0.00422
0.00253
0.00099
0.00411
0.00376
0.00311
0.00366
0.00362
0.00393
0.0036
0.00415
0.00177
0.00293
0.00343
0.00311
0.00318
0.00379
0.00413
0.00266
0.00399
0.00315
0.00364
0.00425
0.00396
0.00359
0.00368
0.00164
0.00393
0.00252
0.0009
0.00355
0.00407
0.00399
0.00428
0.00333
0.00383
0.00305
0.00322
0.00353
0.00321
0.00351
0.00302
0.00341
0.00228
0.00362
0.00405
0.00351
0.0029
0.0024
0.00407
0.00358
0.00268
0.00367
0.00306
0.00218
0.00396
0.00387
0.00355
0.00402
0.00283
0.00346
0.00241
0.0031
0.00316
0.00416
0.0034
0.0033
0.00264
0.00285
0.00339
0.00334
0.00372
0.00411
0.00199
0.00285
0.00388
0.00383
0.00271
0.00286
0.0032
0.00379
0.00377
0.00392
0.00305
0.00407
0.001
0.00178
0.00364
0.00354
0.00325
0.00396
0.00385
0.00377
0.00338
0.00398
0.00345
0.00382
0.00345
0.00289
0.00182
0.00372
0.00321
0.00366
0.00389
0.00369
0.00232
0.00383
0.00315
0.00288
0.00306
0.00162
0.00378
0.00305
0.0037
0.00381
0.00394
0.0027
0.00411
0.00312
0.004
0.00381
0.00327
0.00342
0.0032
0.00345
0.00398
0.00365
0.00385
0.00375
0.0015
0.00299
0.00287
0.00274
0.00205
0.00312
0.00403
0.00123
0.00289
0.0029
0.00417
0.00411
0.00286
0.00372
0.0028
0.00359
0.0038
0.00387
0.00367
0.00104
0.00368
0.0041
0.00359
0.00404
0.00331
0.00396
0.00311
0.00298
0.0027
0.00417
0.00074
0.00272
0.00117
0.00355
0.00239
0.00405
0.00293
0.00338
0.00287
0.00387
0.00418
0.0035
0.00362
0.00326
0.00319
0.0034
0.00159
0.00385
0.00302
0.00389
0.00343
0.004
0.00336
0.00391
0.00365
0.00132
0.00412
0.00364
0.00343
0.00394
0.00265
0.00339
0.00252
0.00277
0.00351
0.00412
0.00335
0.00263
0.00399
0.00265
0.00354
0.0026
0.00328
0.00403
0.00391
0.00358
0.0027
0.00375
0.00352
0.00327
0.00387
0.00397
0.00313
0.00369
0.00388
0.00344
0.0039
0.00376
0.00417
0.0039
0.0012
0.00273
0.00406
0.0034
0.00374
0.00392
0.00419
0.00363
0.00342
0.00227
0.00316
0.00386
0.00348
0.00224
0.00327
0.0037
0.00393
0.0034
0.00371
0.00395
0.00367
0.004
0.0017
0.00362
0.0025
0.00427
0.0032
0.00407
0.00406
0.00076
0.00313
0.00386
0.0031
0.00237
0.00282
0.00303
0.00404
0.00323
0.00256
0.00386
0.00167
0.00206
0.00107
0.00347
-5e-05
0.00396
0.00359
0.00367
0.00277
0.00374
0.00412
0.00387
0.00213
0.00294
0.00312
0.00307
0.00252
0.00315
0.00182
0.00358
0.00392
0.00337
0.00359
0.00328
0.00407
0.00365
0.00394
0.0037
0.00369
0.00318
0.00403
0.00165
0.00324
0.00336
0.00381
0.00309
0.00424
0.00397
0.00354
0.0037
0.00383
0.00279
0.00242
0.00372
0.00405
0.00364
0.00311
0.00384
0.00352
0.00317
0.00373
0.00314
0.00301
0.00336
0.00224
0.00351
0.00208
0.00259
0.00251
0.00391
0.00393
0.00395
0.00345
0.00403
0.00318
0.00319
0.00206
0.00295
0.0033
0.00374
0.00394
0.00331
0.00332
0.00389
0.00394
0.00354
0.003
0.00344
0.00255
0.00395
0.00384
0.00358
0.00382
0.00393
0.00347
0.00365
0.00355
0.00151
0.00355
0.00411
0.00368
0.00265
0.00305
0.00311
0.00261
0.00239
0.00372
0.00248
0.00404
0.0027
0.00402
0.00017
0.00126
0.00388
0.00334
0.00353
0.00346
0.0035
0.00306
0.00372
0.00281
0.00395
0.00299
0.00398
0.00402
0.00369
0.00271
0.00373
0.00263
0.00416
0.00324
0.00259
0.0029
0.00296
0.00396
0.00387
0.00061
0.00352
0.00347
0.0039
0.00365
0.00177
0.00329
0.00374
0.00351
0.00141
0.00361
0.00108
0.00383
0.00293
0.00367
0.00404
0.00248
0.0034
0.00371
0.00229
0.00303
0.00322
0.00293
0.00278
0.00379
0.00379
0.00387
0.00276
0.00409
0.00356
0.00364
0.00335
0.00398
0.00352
0.00334
0.003
0.00304
0.00368
0.0029
0.00389
0.00337
0.00208
0.00352
0.00351
0.00134
0.00333
0.00323
0.00355
0.00331
0.00416
0.00389
0.00359
0.00238
0.00273
0.00371
0.00254
0.00343
0.00331
0.00387
0.00313
0.0041
0.0032
0.0027
0.00375
0.00368
0.00186
0.00338
0.00336
0.00188
0.00368
0.004
0.00299
0.00339
0.00383
0.00352
0.00378
0.00406
0.00321
0.00392
0.00347
0.00121
0.00397
0.0039
0.00386
0.00254
0.00407
0.00303
0.00344
0.00423
0.00379
0.00405
0.00335
0.00309
0.00405
0.00347
0.00238
0.00294
0.0043
0.00319
0.00282
0.00377
0.00407
0.0015
0.00351
0.00338
0.00239
0.0022
0.00388
0.00245
0.00399
0.00386
0.00382
0.00392
0.00233
0.00349
0.00293
0.00346
0.00395
0.00403
0.00304
0.00343
0.0034
0.00368
0.0031
0.00379
0.00323
0.00414
0.00316
0.00243
0.00376
0.00219
0.00399
0.00364
0.00399
0.00368
0.00381
0.00422
0.0038
0.00271
0.00383
0.00365
0.00178
0.00376
0.00188
0.00397
0.00367
0.00315
0.00181
0.00362
0.00296
0.00238
0.00336
0.00373
0.00222
0.00409
0.00361
0.0026
0.00162
0.00367
0.0038
0.00328
0.00273
0.00378
0.00377
0.00297
0.00292
0.00345
