51.11344
51.87287
50.27364
49.43788
49.51077
50.67081
52.04288
49.81859
51.69445
48.77243
49.47866
49.67699
49.16186
51.6942
49.95808
51.55204
51.17745
49.90805
49.99869
46.24161
50.56729
52.85641
50.9093
51.30584
49.09312
50.70957
49.9102
49.95533
50.4628
51.63918
48.84393
50.00657
48.76529
50.61722
52.76997
49.00949
50.26107
51.80665
49.93418
51.99924
51.07359
48.89339
52.12153
50.28037
50.03622
50.28569
49.91232
51.6551
50.98053
48.58681
49.14486
51.29551
49.07363
47.98536
49.51956
49.62076
49.76681
50.57997
48.80296
47.97769
49.77671
51.68385
50.24622
52.15061
49.85644
50.23802
52.26343
49.96378
49.90037
49.34548
51.69347
50.1036
53.5693
50.59554
50.03532
49.72911
50.85505
51.62156
47.06786
50.81858
51.10831
50.72107
50.21209
51.1836
51.08527
50.99596
49.25932
49.68133
51.3954
51.97897
49.84152
50.3115
52.12535
50.69132
50.36458
49.61025
49.43913
47.44045
51.97501
49.18016
50.00051
50.21452
50.88232
49.8552
50.28622
50.47045
50.00226
50.69022
51.364
51.11552
51.69769
50.0864
51.0511
49.04908
49.91571
50.31855
51.52289
48.26499
51.55441
51.55708
53.03254
51.51111
52.77743
53.95619
48.33303
50.94771
49.69873
48.31475
48.92795
49.31809
50.56823
48.53022
48.6163
51.11279
52.7776
50.90813
48.81782
49.17303
49.58501
52.43181
51.475
49.05432
51.81231
49.62603
48.47543
51.50025
50.10416
50.39134
51.36168
49.01517
48.99356
49.21452
51.90504
50.04846
50.41707
51.61882
52.21798
49.85681
52.60791
49.25658
50.6585
49.77896
50.83174
52.54126
49.18482
50.26255
48.57328
48.98555
49.71459
50.76615
48.8288
50.81664
48.93616
50.09487
50.25897
50.10412
51.18212
47.61675
48.72098
49.03021
50.88959
49.70549
50.04224
49.68868
50.96786
49.85232
49.29973
52.02244
50.96763
48.7479
49.81507
51.54399
50.02231
52.35338
49.86141
51.05605
52.18059
51.74196
50.74561
52.29919
52.01159
49.92647
52.67124
50.24804
48.61371
48.32493
49.09349
48.28979
51.82625
49.15585
53.01021
51.31729
51.39332
50.34371
49.89135
48.84113
49.92652
51.00277
49.21075
50.16845
49.67237
51.01278
50.2588
48.64921
51.00433
52.34599
50.78058
51.0044
50.39563
48.59541
52.22325
48.59836
48.53549
50.87291
52.36285
51.16743
50.56879
48.84227
49.01149
51.67962
51.27756
51.93852
50.49826
49.98228
51.44602
49.12774
51.14543
50.86388
49.80568
49.46772
49.65013
47.31396
50.16104
52.8088
53.28081
49.78872
50.45826
50.52338
48.43711
50.0651
47.42624
48.8378
50.20017
50.80043
50.75504
50.94655
49.90455
49.185
49.7765
50.86857
52.5645
49.1698
48.69424
50.14935
48.43076
47.64556
51.22864
48.8019
53.10406
50.26203
50.10066
49.05579
52.09469
51.89908
49.11442
50.23826
51.60388
49.68323
49.30605
48.03129
49.96258
48.95141
49.14952
49.64422
48.70702
50.63999
49.21225
51.1422
50.09942
49.09523
50.66758
50.02677
48.23915
51.38667
51.20917
49.00065
51.63991
52.11261
49.17961
46.90594
48.7176
49.99993
50.54932
52.08765
50.01944
48.96609
50.7661
49.67553
51.58295
51.09451
51.81652
50.51781
49.78238
50.96525
48.14329
50.2142
51.05081
50.40832
50.00632
49.73549
49.04337
49.73489
48.32826
48.79761
48.91511
47.8057
51.05877
51.25997
47.72823
50.21847
51.2902
49.58671
49.21071
50.5377
48.53147
52.02286
52.12943
51.58656
48.66604
50.41941
54.02291
49.8132
49.18982
49.51923
50.94626
51.74408
48.90238
51.64994
46.26853
48.01297
49.66195
50.4472
50.81684
48.03962
51.2378
49.67206
51.59269
50.35633
46.73067
49.36729
48.97422
49.66045
48.24821
51.0436
50.33383
49.34382
51.37632
50.18597
49.9035
50.75643
52.67803
51.29904
51.55234
47.39656
52.78049
50.65027
49.09842
50.13559
50.21099
49.31344
47.56632
49.34422
49.97344
49.91354
50.83157
49.24991
50.65751
51.20999
49.6685
49.71766
50.39809
48.81868
49.13781
50.87096
51.045
49.0129
48.82257
49.12338
52.53201
48.2043
53.56863
50.68122
48.85056
49.94568
52.00693
48.96999
46.20302
51.18678
49.26705
50.76188
49.09847
48.734
49.17063
51.40799
53.15461
52.79552
52.21276
49.4687
47.81159
51.97008
47.51106
50.10171
51.98603
50.1883
49.24501
47.45097
50.99461
50.40777
49.23173
50.98227
48.36234
51.22229
50.85002
54.32671
50.78494
51.61919
49.41145
49.92576
49.61613
49.79871
51.54566
50.19295
47.52896
48.5627
48.48524
49.95931
47.9619
49.19778
50.64637
50.34753
50.4862
50.49949
50.54932
49.89345
49.83307
52.37517
49.55905
48.74586
49.55915
50.81049
48.97946
50.19166
51.27266
50.66101
52.5987
49.34431
49.6455
46.93149
48.58126
51.00112
48.39868
49.67097
49.87726
49.20122
51.42403
48.49382
49.4309
50.90465
50.7865
48.25635
50.77936
49.17454
49.71081
49.15475
49.54506
50.23458
52.15748
54.24977
49.4427
50.88699
50.33534
49.13015
47.40026
49.71565
52.31409
50.75807
50.38889
52.90273
51.21974
50.24342
52.05314
50.22053
49.94664
49.64401
50.05314
50.13226
53.31265
48.10511
48.49181
48.4552
52.17113
51.4987
50.6498
50.32523
48.95487
52.102
48.3928
50.74128
48.95457
48.36262
51.45767
50.23309
49.46468
49.26803
51.44241
49.46253
51.41005
49.66478
51.06998
49.34093
50.97841
50.28416
50.74876
49.02238
50.52414
49.94227
50.71087
51.23808
50.23995
49.03818
47.30826
51.10499
47.88098
52.19463
48.73057
47.76672
52.17385
52.70388
53.41871
51.97377
50.00789
50.55218
51.24587
51.11869
51.20712
52.09118
52.93548
48.64297
51.56618
46.70754
50.77536
47.8588
50.03611
51.47938
48.67377
49.74239
53.12261
51.36221
52.06444
49.61784
53.41436
51.4813
51.48834
48.5451
52.23752
50.80285
48.55381
50.23649
49.56434
50.0171
49.51793
49.07666
49.88303
50.24537
51.0096
52.29504
50.04235
50.7666
48.84892
52.50428
51.71312
50.37474
48.80898
50.13901
49.82214
51.06719
50.33094
47.94557
48.43297
48.00334
48.44973
52.1186
49.33187
50.72341
47.7089
48.33948
48.67068
51.0519
48.25027
49.49249
50.91151
51.63588
50.55125
51.46264
49.50827
51.39031
50.85925
50.76991
51.02953
50.8218
50.07837
54.27957
50.3099
52.16775
48.48211
52.41067
50.27424
49.78251
49.55103
52.6443
51.84665
52.66157
48.75419
47.41832
49.37764
53.43534
50.13009
51.46389
51.474
48.18803
51.21386
52.54827
50.77653
49.82645
54.21489
50.50665
49.62736
52.34344
53.66012
49.57874
49.90483
48.83849
50.09954
50.1269
49.52385
51.5107
48.35856
49.38264
53.81231
52.34064
51.74186
48.95297
47.72804
49.62711
48.66253
48.60695
50.72393
51.05747
52.08507
49.25085
51.2962
49.50364
50.37928
50.00092
51.29856
50.84717
50.71977
52.0857
50.85051
50.7537
48.18451
50.7911
50.63099
50.93024
50.28776
49.77628
52.12764
50.99347
50.71596
49.6243
47.74819
49.92502
48.95835
51.94891
50.40253
50.35821
51.6128
47.67423
47.92648
50.84332
49.0719
51.61936
49.34479
51.47974
49.69074
47.55213
49.22009
50.00668
49.68795
52.45902
49.17103
51.12179
48.87865
49.62442
50.50252
50.33481
51.64621
50.06417
48.52207
51.67048
50.90581
50.43392
47.96323
50.13925
51.28228
49.04341
49.83766
50.93038
50.93157
51.84039
51.81294
51.27618
48.41001
49.82326
49.05198
49.81938
47.81626
47.18242
48.35105
48.52446
47.90034
51.5304
51.8906
49.66985
50.57858
50.55472
47.91354
51.55504
50.05752
49.04575
50.5559
49.36853
49.77945
50.14123
54.60172
49.86389
50.33949
52.38819
50.2498
48.13972
50.25763
49.1737
49.43222
49.96121
51.84747
50.28255
49.73941
50.39822
51.03451
51.3494
50.25253
49.24061
49.58447
48.24028
50.896
50.97239
51.86877
49.34676
51.02716
51.83207
50.34193
50.54985
49.41329
51.95707
50.38903
49.33687
50.3461
49.4421
51.48406
49.39955
49.81976
50.94021
50.98145
50.90011
51.60435
51.0115
48.14818
49.34672
52.33507
51.74952
49.03924
49.42537
51.61801
51.49294
48.5555
51.20291
47.14478
49.95943
52.23754
48.56497
50.91475
49.98483
48.38424
49.01923
49.05567
49.96703
50.00005
51.31467
51.21616
49.99419
51.75887
51.94786
51.03705
51.06348
50.37332
49.5766
49.9495
51.95142
49.63798
51.59254
53.25968
50.15878
50.53534
52.16902
52.29992
53.42252
48.85977
50.81428
49.00047
51.80682
52.54246
50.33661
52.6119
52.91583
49.11865
49.22536
51.5929
50.79928
50.5701
48.80224
53.72885
49.55332
50.69253
50.14362
51.22544
49.30454
51.3387
49.18137
52.25686
51.92161
50.60665
49.28806
50.66858
51.33841
49.48936
49.85643
50.43379
52.33237
49.46271
49.70822
51.03138
48.36339
51.00609
49.03622
49.72468
52.49005
50.91678
49.04301
50.85474
50.18369
51.65002
53.60773
48.41081
47.84752
50.28036
51.01429
50.24817
50.56979
51.4498
50.62704
49.42755
52.6232
51.76042
49.60652
49.7792
51.22532
48.21275
49.4096
51.95337
52.25424
50.15998
51.9467
50.6742
54.07586
50.14467
50.54888
52.0419
49.32851
48.37251
51.19658
48.17128
51.87597
48.29167
49.73461
48.67434
49.24133
51.81135
52.00892
50.97652
51.6664
51.1084
49.01315
51.1805
48.81629
49.65253
50.96621
49.22353
53.17862
52.53392
52.14718
51.42206
49.62377
54.49605
49.7199
52.00247
51.9428
49.90944
53.28095
49.92356
49.22096
48.21572
48.40179
49.65285
50.64904
50.20269
50.92344
49.9401
49.65187
51.34797
49.11894
51.30292
49.23189
53.09783
50.68828
49.39741
52.98789
47.64667
49.44076
52.22357
50.93847
49.55906
52.18098
48.27679
48.53537
50.77727
50.38975
51.91881
49.53606
51.59876
48.30147
51.14196
51.03696
52.01407
48.98556
51.01434
47.88422
51.21568
52.02999
52.86313
48.86055
49.0127
51.02577
50.77154
50.3235
51.86368
48.91314
48.52347
47.70167
48.75353
49.43533
