0.00369
-0.00263
-0.00246
0.00341
0.00349
-0.00461
0.00466
-0.00671
-0.00346
0.00748
-0.00319
0.00131
-0.004
-0.00505
0.00252
-0.00399
0.00045
-0.00216
-0.00134
-0.00582
0.0038
-0.00349
-0.00229
-0.00437
-0.00429
-0.00394
-0.00441
0.0003
-0.00188
0.00847
0.00231
-0.00436
-0.00196
-0.00074
0.00208
-0.00329
-0.00434
0.00638
-0.00286
-0.00093
-0.00146
-0.00107
0.00122
0.00275
-0.00217
-0.00383
-0.00304
0.00349
-0.00324
-0.00031
-0.0003
0.00148
-0.00207
-0.0044
-0.00026
-0.00405
0.00219
0.00499
-0.0011
-0.00159
0.00204
-0.00166
0.00344
0.00414
-0.00325
0.00103
0.00273
0.00289
-0.00362
0.00288
-0.00183
-0.00416
-0.00069
-0.0051
-0.0019
0.0034
0.00484
0.00605
0.00176
-0.00361
-0.00625
0.00227
-0.00303
-0.00104
0.00193
-0.00082
-0.0049
0.00439
0.00119
0.00178
0.00072
0.00291
0.00327
-0.00353
-0.00201
0.00361
0.00482
-0.00022
-0.00112
0.00076
