2.20704
2.3017
2.37437
2.00431
2.19393
2.34546
2.33251
2.40636
2.23872
2.30151
2.46328
2.35491
2.20041
2.37046
1.95546
2.11246
2.36492
2.16259
2.24504
2.20572
2.28929
2.41675
2.29343
2.35127
2.25005
2.21912
2.333
2.33357
2.54137
2.29688
2.29102
2.4708
2.30388
2.18802
2.3175
2.32363
2.29221
2.16395
2.41332
2.418
2.18748
1.93008
2.27483
2.41906
2.15886
2.32076
2.38172
2.35303
2.35599
2.26594
2.43543
2.43495
2.21401
2.38912
1.90299
2.42336
2.42872
2.24972
2.41967
2.24113
2.36201
2.33252
2.41783
2.12353
2.23579
2.34387
2.16482
2.16772
2.32829
2.38624
2.38656
2.33324
2.22457
2.31243
2.24472
2.34042
2.24426
2.49286
2.30894
2.23087
2.32961
2.20489
2.26942
2.35589
2.1705
2.25593
2.30769
2.34253
2.42963
2.09835
2.26218
2.45952
2.25233
2.22898
2.26393
2.3679
2.20132
2.24507
2.24834
2.18742
