0.0639
0.03445
0.01801
0.14813
0.16991
0.03478
0.01633
-0.00433
0.04076
-0.00176
0.00641
0.02669
0.03966
0.01925
0.20252
0.03625
0.00445
0.05969
0.012
0.0702
0.01674
-0.01279
0.01081
0.05262
0.02869
0.03262
0.02993
-0.00497
-0.00449
-0.00238
0.01305
-0.01571
0.04929
0.02514
0.016
0.01474
0.01512
0.02911
-0.00059
0.01635
0.0854
0.14021
0.01728
0.02191
0.07351
0.01229
-0.00098
0.00696
-0.00352
0.01064
0.00508
0.01059
0.01917
0.00487
0.22051
0.01323
-0.00826
0.05801
0.0218
0.07194
-0.00263
0.01929
0.01719
0.04117
0.01159
0.03829
0.05086
0.0438
0.12847
0.00713
0.00104
-0.00489
0.07942
0.01655
0.06314
0.01105
0.03375
0.02909
0.00489
0.05755
0.01241
0.01911
0.02715
0.00537
0.02202
0.02632
0.00504
0.01943
-0.00684
0.09005
0.05659
-0.01081
0.01635
0.07701
0.03182
0.01554
0.02378
0.00433
0.01627
0.05966
