5.68847
4.32968
4.88416
5.37844
5.8482
5.16233
5.07522
5.26986
5.14715
4.33204
4.1527
4.78744
4.48405
5.42274
6.09942
4.2628
5.14805
4.6703
4.8724
5.83823
5.67044
4.01735
5.07389
5.59849
5.67623
4.56494
5.19531
4.99865
4.41476
5.59401
5.49927
5.41292
5.05102
4.75147
4.62165
5.1328
5.48697
4.87345
5.17959
4.27882
5.67475
5.07967
5.06326
4.92031
5.30625
5.38654
5.12017
4.93948
4.62356
4.837
4.88137
4.79717
4.49729
5.70467
5.71183
5.14602
5.13739
5.28484
5.16837
5.5213
5.15816
5.0899
5.40913
4.96884
5.09416
5.10689
5.17206
5.57038
5.54504
4.73309
4.74685
4.72209
5.35541
5.06307
4.95651
5.71448
4.9891
4.6351
5.90214
5.31824
4.96435
4.57506
5.93011
4.61765
5.20041
5.16009
4.67551
5.62451
5.42835
4.7284
5.69388
4.95595
3.91985
5.8233
5.16115
5.2539
4.28168
5.18492
4.90037
5.16106
