0.00529
0.0079
0.00107
0.00367
-0.00336
0.0107
-0.01053
0.00021
0.01156
0.00036
0.00129
0.00358
-0.00553
0.00708
-0.00527
2e-05
-0.00614
-0.01238
-0.00843
-0.00294
0.00468
0.0071
-0.003
0.00754
0.00148
0.00326
-0.00042
0.00248
0.00472
-0.00911
0.00181
-0.00467
0.01029
-0.00222
0.01046
-0.00394
0.00031
-0.01189
0.00069
0.00124
-0.00479
0.01059
0.0029
-0.00458
0.02299
0.00769
-0.00659
-3e-05
-0.00366
0.01149
0.00583
0.0051
0.00934
-0.00149
0.0036
-0.00835
-0.00062
-0.00148
-0.00884
-0.011
0.00553
0.00036
0.02437
-0.0021
0.00813
0.00892
0.00265
0.01123
0.00436
-0.00092
-0.0031
-0.0013
-0.0052
-0.0145
0.00155
0.00098
0.00372
0.00207
-0.00642
-0.01031
-0.01922
-0.00988
-0.01388
-0.00579
0.0041
-0.00944
0.00726
-0.00084
-0.00533
0.00479
-0.00983
-0.00332
0.01649
0.00835
-0.00094
0.01409
-0.00265
-0.00341
0.01104
0.00032
