14.62496
1.18236
9.81656
6.56316
10.50919
7.2099
6.36415
11.87007
1.51622
25.35962
4.37433
2.27124
4.90223
9.70899
13.49139
3.83369
4.01553
6.64911
4.37444
3.8362
2.70491
12.05554
11.36498
7.06863
15.79954
4.07829
7.0309
1.28513
6.81859
8.89644
4.7695
6.70212
19.52567
6.88711
3.24484
16.83305
10.03828
16.67892
6.73272
0.49106
10.86619
7.86916
12.09908
24.50906
18.1964
10.23284
2.89507
0.0023
5.2805
7.32929
11.13194
17.08742
6.9547
12.35666
9.51491
14.76844
14.21668
6.04501
18.09176
4.84491
12.24117
5.03004
2.79498
3.45713
9.78639
15.69245
12.25544
12.99384
14.68091
8.75358
12.29425
2.48111
10.5647
3.42822
10.74434
7.37693
5.62507
6.96559
6.60701
2.17853
4e-05
2.82053
13.74821
16.4476
2.38589
7.27739
9.59095
17.43458
17.03434
4.65425
17.18248
6.42068
12.86554
19.90773
18.11955
8.02867
27.01701
21.0396
16.64771
16.33131
4.81288
17.08818
6.98145
9.57792
9.55818
10.5898
11.04312
22.80724
8.69606
8.3698
8.30238
7.81875
19.93401
4.69122
17.11235
12.17167
8.98402
4.15702
13.70348
16.71058
14.34745
3.34595
12.5758
8.69649
8.61242
1.95047
13.75291
17.88396
9.45772
7.79999
4.17187
35.19854
11.38787
7.17596
11.79715
9.78475
14.68085
12.17647
7.89144
6.8138
7.67244
12.99196
9.14933
24.53807
8.41748
12.64564
7.78797
45.25633
19.71824
17.64681
23.20216
3.07063
0.13933
5.23858
13.86257
6.33923
10.66427
8.32773
7.17102
10.52795
22.38378
23.2204
0.88786
16.9789
7.29304
13.51282
6.5514
4.60984
12.69398
25.00171
5.17056
9.47796
12.72333
18.09914
5.61724
23.01826
3.29218
13.22931
12.46037
6.75663
8.39039
5.00973
6.95068
9.17002
9.71462
6.42017
21.02454
8.04332
15.6603
9.98666
18.04717
19.78776
6.74626
19.38165
17.04107
3.69439
9.44053
8.26982
8.55566
12.67233
10.20941
3.7742
13.55261
7.73202
6.64897
3.4721
2.48031
12.23285
19.76087
9.33695
6.41582
2.26007
3.25719
7.04545
0.02525
11.36331
6.35779
3.62867
11.8295
14.84467
18.51812
3.83196
9.21946
17.8233
24.30181
25.25485
6.44675
6.15304
14.13495
12.03352
15.59916
3.08348
2.58521
22.34414
5.8382
3.76767
6.20503
22.63928
11.8168
10.62471
15.46462
10.56043
6.64067
10.83203
16.81688
14.63681
18.1986
9.28086
27.57393
13.9689
17.59689
7.56173
19.28188
12.61359
24.19978
3.56971
15.73746
5.73755
9.94004
2.65187
13.69328
9.7846
2.35059
19.42722
16.58628
2.13514
2.9558
5.92568
6.96184
6.37327
5.84694
17.54745
0.03013
4.3447
22.41345
4.28139
0.46177
5.89066
12.85728
3.29781
4.94084
29.32347
19.1322
9.82576
22.93179
19.5798
16.85805
10.12183
5.56999
22.6351
7.50689
12.7814
15.80028
16.11343
7.62669
10.64956
18.6999
2.89892
7.55
5.37434
8.91268
5.02606
10.8234
11.60334
9.12019
10.28729
7.92447
1.42492
3.92696
7.94477
5.14131
5.06768
11.26769
6.78676
26.11635
13.80225
8.01006
11.28114
14.71802
17.07374
5.63034
13.93359
3.57659
15.03012
26.72471
6.74171
10.00084
5.42471
3.0999
10.82097
11.66023
6.57311
11.22554
17.8016
1.45537
4.15415
5.17242
7.24014
7.579
6.21649
10.51988
13.92327
7.66301
4.64298
18.69174
15.06299
5.84747
5.06472
9.0447
19.88472
23.957
7.23918
14.77535
22.20323
11.15568
9.50572
17.55759
6.50352
10.9883
19.86653
4.04561
3.24737
2.90589
3.63832
20.91511
13.89855
5.23469
5.34561
3.54904
17.57346
10.59194
16.97906
16.02423
13.5076
11.63739
14.23277
12.8192
9.75933
9.47889
16.63247
14.43321
4.23686
3.24583
4.36171
19.45332
5.8381
4.25418
8.44029
12.49426
11.38341
12.53425
8.13109
22.9294
20.35139
20.46529
17.3629
8.02921
10.62039
5.0321
12.51031
9.42695
5.52325
12.48563
22.33247
13.8951
6.49606
17.59339
20.38573
5.06804
18.40438
6.02353
10.10058
3.35158
13.94569
21.70393
7.44888
5.95575
12.48091
0.56769
25.12205
12.99125
5.49495
5.07412
5.47459
10.49312
4.60172
3.89067
8.19721
25.05426
4.6942
15.7438
12.07566
30.73923
9.56967
3.44425
9.7533
12.42671
13.46622
12.17172
5.19335
5.39006
5.23292
12.69899
0.31807
6.19855
15.03428
17.61785
12.03025
18.62147
16.6164
6.35136
16.69182
16.8319
31.78254
11.38833
13.81925
13.55737
8.96154
9.15972
13.04812
4.66801
12.67496
1.29315
8.26003
4.06166
5.44365
4.81899
9.10885
7.79889
14.81334
2.16701
12.28547
7.26426
4.8597
15.82649
11.73398
4.69383
19.6753
9.26722
6.78365
9.23708
6.00539
6.12441
23.54706
6.5679
25.18134
10.36285
4.37267
6.80044
13.14441
3.43161
10.02817
5.81165
0.05274
8.58021
1.86686
0.10853
18.50264
13.87512
5.5132
0.51577
9.29434
4.05261
10.9535
20.59463
30.02011
15.97558
8.3239
9.1286
7.18793
14.63327
20.08342
7.73599
4.63699
8.89175
10.12155
11.65449
9.61113
26.62328
16.84444
8.00499
4.75708
9.25617
8.3195
9.20851
4.86064
20.96794
12.07013
12.32989
5.5431
10.96223
4.1133
15.37075
11.8582
9.86943
16.37929
11.61746
5.02014
19.14547
10.93993
12.58702
6.15801
24.97714
8.15359
12.03902
10.2354
9.66175
4.40219
13.02232
6.12088
13.52791
6.89007
11.08398
14.17351
25.72387
9.30735
9.00448
9.99277
10.6846
3.35483
8.56397
21.04296
10.393
8.69251
16.19172
15.209
4.20766
10.78371
11.98221
5.49185
1.63301
17.63635
0.84814
14.37721
8.46157
7.44723
3.78705
13.28263
5.37139
11.31534
22.31459
12.89429
1.12511
30.17937
9.38477
8.63155
9.11338
10.54778
6.27046
12.81283
10.86585
25.23746
3.45668
11.21001
20.56778
2.53861
12.5056
4.99937
18.29434
25.86076
18.99885
2.25382
11.85227
13.18333
19.77049
3.44701
8.2231
9.80395
9.72024
12.96916
6.20132
11.26634
8.81711
4.87063
4.5744
10.04122
13.13943
6.38872
6.23209
42.22453
14.30043
8.63467
15.61163
1.94365
3.96442
15.73754
16.0007
1.10622
19.49756
5.26188
28.72937
10.64285
17.36364
4.41596
7.25508
19.13676
5.70452
5.10878
2.52466
15.5222
25.18896
4.18135
17.80127
16.42922
7.10351
10.97571
12.03555
3.6464
2.04676
10.5854
11.52209
13.70137
17.76399
5.82094
13.11913
5.67492
23.91094
14.98126
1.78589
8.72585
9.64616
8.52048
26.55616
2.65861
10.97493
2.29742
2.86191
3.01617
8.18336
15.16757
14.82486
14.92793
2.66338
14.51447
8.89258
10.98802
9.76777
6.27405
7.68449
10.5048
5.63416
3.57831
11.15875
5.1959
13.00605
6.51722
2.51494
10.0559
10.69299
9.66452
23.32914
9.29206
6.38463
25.02226
4.23718
8.17558
8.75121
6.58919
5.36155
10.03533
13.90286
16.44842
7.23662
11.91025
13.07346
22.39003
10.94435
8.75827
11.53079
7.91347
8.55259
9.95542
26.23271
19.83923
10.91612
8.82453
5.67639
17.31977
6.55513
2.55719
5.73161
20.28536
7.40885
2.50571
1.84505
5.97585
13.18369
12.87866
7.70043
13.6783
5.2529
1.84751
14.19562
7.0359
12.16028
20.48217
11.82992
7.25401
7.54065
5.62576
10.36332
6.16859
7.60616
7.17087
11.55887
10.62295
10.57584
19.79294
3.03503
15.44528
6.53197
2.81201
4.94557
6.72255
9.20894
5.82032
12.91698
17.33925
10.98925
13.49574
10.23127
6.14614
2.92012
10.09242
6.76631
6.27211
6.95306
7.36991
2.30011
11.24212
10.58931
14.27685
15.71058
16.32071
6.98625
15.55249
16.1547
18.31632
5.61056
11.49463
14.483
19.01166
1.37443
7.76903
0.00047
13.89814
9.5439
14.8919
9.9374
6.47216
8.84486
2.36751
4.27336
8.3468
5.40272
3.82794
5.05684
4.83878
14.87694
1.86262
17.26666
17.81213
10.95635
1.40497
3.84203
5.01875
14.10979
5.79203
4.64306
13.68414
0.07587
4.16824
1.28797
7.94804
10.46171
8.94986
5.09614
24.66559
4.62838
20.01843
5.96606
13.26976
7.32369
7.80153
2.33688
3.05269
11.70151
8.46474
14.56955
7.53587
8.22485
4.54817
24.83762
15.08728
6.28637
26.22106
20.25985
14.98236
3.97392
16.29845
13.28744
6.7904
13.3391
8.68566
11.67667
4.54514
6.31838
11.4368
18.81216
9.45409
12.68186
3.7402
11.21985
3.41518
12.77
15.65056
2.63263
4.36684
4.3298
9.96233
17.16134
16.46619
17.39894
9.76871
8.92206
10.55548
6.36811
27.30759
25.27621
9.19493
8.71564
6.65945
7.68062
5.62384
20.86144
6.10404
11.18374
25.94204
4.79979
9.14225
13.18921
19.75256
6.77257
8.1742
12.71114
14.01535
6.25424
2.84716
11.20216
1.78333
16.52327
14.61304
7.22355
6.73645
7.80292
12.95872
2.82365
1.63352
9.91706
0.51269
1.88248
0.66549
20.53232
11.88911
9.94344
13.40072
7.32055
14.27451
8.70246
21.6032
2.07399
5.52973
6.93507
11.32181
5.66971
17.93972
3.56982
5.95318
17.78943
14.70811
41.4085
22.04336
11.80146
5.92096
6.04121
11.5162
13.32058
2.56436
2.49028
13.12586
14.42972
15.11331
8.76444
2.60093
17.87484
5.09365
10.98664
20.91412
3.42968
19.75651
17.25291
7.21809
3.2612
2.65424
13.42364
18.20039
15.93382
13.14481
3.17019
12.22991
6.05579
30.51144
10.88443
6.56898
9.78858
12.62015
9.42761
6.03349
12.73953
9.79146
4.89677
4.50477
3.62603
13.9928
4.76166
7.89187
24.57659
15.23612
10.38123
4.15697
15.56001
1.8018
14.26493
28.02818
9.32609
8.85916
8.82121
17.85226
6.93351
22.69907
11.17729
3.49671
5.02386
11.08799
5.88064
3.95143
5.47486
9.47905
13.8686
5.72775
28.36846
0.53595
0.92088
14.37457
1.1112
9.33407
9.96385
16.33643
5.64945
11.54524
11.93799
7.42503
1.26063
4.86722
24.8598
16.73792
3.58431
5.85072
14.9834
7.88107
22.35472
16.72788
16.50892
23.11992
8.82652
0.15401
14.34079
2.57565
6.97394
16.96426
15.58923
7.47602
18.73987
8.2989
12.51785
7.6689
16.29649
0.49411
17.60223
12.83123
8.51521
0.90921
12.89141
12.11652
3.71511
13.94753
5.67214
20.47883
11.11862
15.98211
20.90295
34.74592
12.74278
6.37715
7.5448
2.27722
8.17758
13.53446
14.09286
11.67661
38.17609
0.70864
10.42629
2.5036
20.2386
11.25175
7.54326
12.79393
3.69534
26.03988
15.12255
10.22779
27.08817
5.84332
1.7514
25.14564
5.474
21.70669
3.52304
3.3686
8.49789
2.61551
14.17289
8.66987
12.28841
18.72851
20.9626
13.28452
6.47523
16.11262
2.74941
15.84771
3.38915
3.23942
4.29477
4.18845
15.47094
13.63069
10.46661
1.53331
1.56255
4.33707
24.84022
7.27698
3.12977
14.45563
15.23342
14.46374
4.79337
9.43469
16.48385
5.38111
6.86885
1.36433
12.09354
5.49501
16.63398
4.44893
22.59137
16.48264
12.46409
12.76494
1.03869
5.77499
8.24177
8.55489
5.1031
4.78748
20.82206
29.14856
5.45504
7.61495
13.73893
7.6744
16.32996
5.51626
8.48891
10.73334
5.50786
2.88559
4.62375
31.48682
19.36195
3.6741
14.62138
2.45825
18.95167
14.95721
4.78109
7.16699
8.98066
23.16073
14.79667
8.284
11.06914
12.99203
10.50038
7.79244
10.80745
1.88331
4.44267
16.67938
4.38697
11.19897
19.47838
3.99238
11.67059
5.31162
18.89243
9.23774
5.61397
16.99194
5.62875
20.88796
7.79512
4.42426
7.03832
16.86941
5.58663
6.86395
23.45451
15.43883
13.21567
12.73065
8.87945
24.30602
8.73007
7.10418
13.33081
20.48267
12.13115
7.59129
13.78732
5.22482
8.32319
10.63853
5.73913
6.28475
7.8032
1.61963
5.40705
16.41865
14.32039
11.01778
12.6239
32.18966
4.58889
10.81097
2.0323
9.18117
4.96865
11.54771
10.50136
9.52538
13.30871
14.59203
12.8286
11.63017
7.40072
2.0097
26.28433
7.775
1.12068
11.43744
10.87567
11.08931
20.16381
15.97666
14.18178
7.3163
7.2918
6.25146
25.52221
11.14045
4.27523
6.93436
26.23989
0.16144
2.85289
12.88007
14.1986
9.69637
3.79959
7.23277
5.78822
18.16858
18.59191
7.04023
10.9868
21.16827
13.11672
13.44309
19.94432
17.42567
13.30842
14.3022
3.6653
9.8226
31.08811
7.65263
3.07495
5.98309
7.13068
3.54919
12.91534
20.29404
27.32152
3.90477
14.52917
14.69404
12.65722
9.50297
7.61572
1.29509
9.69901
15.90588
26.89389
1.78514
10.41386
6.84358
6.97661
9.46528
16.07638
10.18341
9.51507
4.39071
5.86422
14.87818
9.31867
4.1029
13.46202
12.68077
7.42485
8.76973
10.6263
10.81843
14.29912
20.38264
21.86846
1.49909
18.82359
0.82791
6.39109
6.74936
15.47661
12.29467
11.74044
10.18146
12.67294
0.76472
4.45335
3.20242
7.6502
0.72307
29.64394
8.28658
9.92849
16.71599
18.57396
13.85528
6.8238
16.65375
20.59954
9.88733
1.70679
1.68347
3.28747
10.84795
18.64173
12.63221
0.22136
17.94179
3.92613
3.82527
6.60736
10.47817
11.27697
12.65559
6.53362
7.98458
9.38104
13.64943
8.08859
7.70415
3.10425
16.57091
2.95811
6.24173
18.82331
3.92999
15.23165
5.81942
10.37787
11.72016
9.13981
4.3188
13.97155
11.77808
11.59599
7.3677
10.07166
5.63224
2.79878
38.28817
5.99723
16.22284
4.45149
12.78546
7.35855
6.40528
20.78222
12.3045
8.01398
8.9945
12.90464
17.32433
15.94172
9.87992
7.41159
15.75049
9.26422
13.11409
13.41238
7.93141
1.75834
7.8256
9.29788
10.0827
8.8041
12.16378
8.59357
5.65895
16.59573
12.78512
12.65655
6.98469
23.84832
8.45607
2.90569
7.15871
15.24813
3.36858
14.88064
11.88647
14.39104
5.98023
14.55122
5.39793
11.10165
6.45484
8.05148
0.05956
16.02782
6.13923
16.2939
8.57366
18.91092
9.81376
3.16291
10.62385
4.28587
2.5406
17.10618
8.16457
5.33725
0.73395
17.53926
5.9178
11.65102
9.96365
11.50626
7.23271
13.42314
14.76546
22.97553
7.17294
18.18305
11.41222
16.53951
4.50686
7.67834
7.34759
21.61433
7.06987
8.65159
21.35945
10.37549
11.21516
18.7959
16.70719
9.50134
4.63323
10.36627
9.08915
5.82609
7.81044
3.21122
11.30719
3.50009
5.94532
10.6399
7.72202
8.38265
10.2196
16.9099
28.84678
7.49711
6.65725
10.57706
17.72895
20.03201
2.99369
16.39754
1.84072
23.71383
11.85745
12.57197
18.15911
29.60785
13.25432
2.9952
9.81443
9.26259
4.99638
35.69812
8.16001
3.44292
14.09885
14.46192
12.50661
5.37763
12.54076
20.35719
13.48629
2.90172
19.019
9.38208
7.81686
6.91634
10.20499
6.00141
9.40415
8.53837
7.243
14.57485
20.94754
8.7811
8.38714
2.02902
18.17183
12.91914
23.27042
7.53424
13.64873
18.31048
10.97253
8.82928
20.00654
4.3978
7.06863
15.66092
10.54323
3.02652
11.10426
4.89647
3.35232
23.63774
5.43385
10.10625
8.26598
7.418
9.00595
6.45192
8.55655
13.59698
8.16099
8.13021
16.55824
8.93966
11.42037
12.93345
24.77947
3.18595
23.14009
14.04901
3.74514
8.30293
4.02808
19.19165
7.27714
16.75848
9.4887
8.88108
2.71251
9.20772
20.7223
13.82298
5.21387
3.50161
5.29106
21.29123
11.72062
10.12696
4.60282
26.26939
23.21213
2.11807
9.17891
8.22026
16.40122
10.42522
8.92685
24.29872
16.60922
12.47476
6.50102
9.89203
16.8353
8.22849
10.49373
9.23779
11.45803
10.02552
5.29258
7.14602
5.31008
1.65793
3.31792
10.2947
10.3144
3.1072
9.80567
4.41912
21.7684
4.58415
5.12026
10.95295
11.9724
13.48646
10.53339
17.19389
7.29896
1.40947
10.23737
8.69311
22.63741
10.30038
14.23625
21.02683
3.92295
22.14695
5.76401
12.11288
11.20466
12.50821
17.58219
6.75983
18.32623
6.65751
16.10332
28.03378
6.91818
4.25828
3.92651
8.19229
26.20448
15.89448
5.25209
9.08501
12.04931
22.89339
6.86019
16.60593
6.82138
11.23827
12.3168
14.17479
12.00163
13.25152
6.56456
2.60963
7.28054
7.66176
24.29184
13.98688
7.58744
5.10724
11.53171
10.77623
23.83462
6.80703
7.92084
16.15347
14.01511
22.21623
4.77294
0.91371
22.50228
9.73874
6.04934
16.78421
4.62476
7.84515
15.44567
11.30925
15.59718
2.00762
30.40788
6.65969
5.63026
4.87982
12.96648
13.57937
14.43364
5.04625
7.37765
1.63492
9.32435
19.16738
13.32923
6.72299
4.53101
18.25809
23.90128
21.79956
9.69509
8.0566
12.78632
6.37477
5.30923
16.08559
27.29671
15.7213
11.25953
11.84066
1.64501
7.01093
7.87852
12.36452
10.93157
6.31628
2.47186
4.54011
16.17018
2.79309
2.08838
9.35487
5.95817
1.47158
4.54696
20.25556
1.44521
26.52652
17.29787
14.50544
4.7433
10.86121
14.31024
8.39291
14.95345
18.44537
4.64614
4.64011
4.42774
7.30616
16.32958
11.13638
9.96759
6.31089
26.01807
5.93098
5.00835
6.66019
11.52913
4.37004
10.55063
3.43721
8.86438
9.63786
7.4622
2.66662
14.2805
4.15258
13.10427
2.01927
14.05252
14.0628
14.54242
9.6004
4.0903
28.75381
0.53571
8.8752
5.96563
17.16513
3.66441
11.40237
7.14162
16.75452
8.32066
17.46026
20.62382
10.59376
19.54686
11.01452
4.73568
0.42717
6.8831
28.60854
13.43744
1.05005
4.72188
4.53692
16.40431
15.43079
6.86087
9.33837
15.66244
5.66124
15.00973
10.48118
5.33972
7.49203
9.00107
2.15302
7.90324
6.75975
6.25215
19.52356
10.24352
6.5044
11.78666
12.22726
12.81792
17.42238
22.67019
12.82492
5.52083
3.6941
5.59238
11.23507
3.91878
9.88878
0.41087
5.05839
11.15481
12.15524
4.60797
24.77254
8.88409
7.83103
8.82576
10.36924
9.93674
25.57855
11.02921
3.71852
19.21377
2.0716
4.32019
11.02734
13.12282
7.72809
14.56212
17.69523
8.52462
19.57556
19.79255
17.70151
14.8409
6.51631
2.38174
4.19291
12.11735
9.43536
29.19815
17.88941
6.31349
14.5959
8.07792
2.5885
7.06754
6.07836
12.8575
15.49047
5.80023
1.06982
10.17391
29.562
7.43571
3.69622
8.43042
13.38106
6.50353
8.87945
16.99167
16.5261
22.43543
6.78033
7.3134
1.25589
12.07661
14.22776
3.15284
19.422
11.3033
6.50395
3.46018
3.25286
3.57677
6.55268
12.87373
14.78188
14.28172
2.43133
19.93138
5.08888
6.84318
6.94288
0.44112
17.78966
10.15025
7.76343
13.25778
4.42929
11.51918
2.26059
22.38449
1.42238
11.38096
24.45243
10.36785
1.73968
32.4344
16.63383
10.21627
2.40464
17.80941
14.14307
4.86396
15.78279
10.08202
3.54379
9.55961
10.61515
21.43142
5.51223
2.26842
5.14479
17.01064
11.54476
11.93655
4.86395
21.41098
13.15932
3.27623
6.48
7.57637
13.56614
17.77808
8.73664
18.10725
20.81827
11.80798
8.50463
14.49732
13.20492
3.80631
3.99885
0.80975
10.00543
7.01344
1.80618
8.1313
12.26946
1.67811
14.91972
16.6741
3.37413
7.16248
6.75297
7.06068
31.20942
12.50658
17.59328
18.81207
4.24167
1.96744
15.09821
10.70876
13.69023
4.96356
5.93212
13.84709
12.93651
11.14611
13.56238
11.74058
4.34829
2.2396
15.27911
18.60942
5.13031
19.31894
11.33551
26.26404
11.28726
10.5953
11.36285
14.42514
9.52427
3.24057
0.89613
12.30681
8.26812
8.48596
3.68746
16.55272
9.50737
11.09045
5.85515
7.38298
31.51698
21.06923
9.03654
6.85494
25.61283
5.67223
6.45106
13.91887
19.32516
5.91141
24.36491
7.2434
26.97416
14.10196
22.47204
7.02648
12.07899
2.37876
11.59302
16.1934
11.43058
9.43391
12.03322
7.10916
6.5625
7.89362
14.57383
6.2582
3.61414
0.45971
18.76647
13.75011
16.57475
21.64252
2.20846
2.92061
6.10798
3.07505
3.91763
23.56509
9.28811
20.20404
11.19599
6.90811
6.80325
11.3384
13.80022
9.9896
4.56045
16.40113
6.68498
10.43421
9.38649
15.69388
8.01396
18.7659
9.23249
7.68601
2.1647
12.62873
6.82637
1.4935
28.6971
11.54485
8.7247
14.27559
8.85148
11.69878
4.89657
8.20327
16.43792
8.61242
13.39515
6.52475
15.32735
5.43723
9.41435
4.38199
8.46934
17.00627
6.56801
8.97269
8.34256
15.16155
13.80142
10.872
17.97136
4.18089
2.49627
21.30114
5.19407
6.7416
11.79293
14.94452
4.12299
3.51595
0.12966
5.97144
16.44566
7.02335
13.95504
5.12406
13.97995
3.06559
3.49562
3.57916
25.812
7.66461
9.05332
19.03398
11.04494
5.04968
9.50607
12.20352
15.73305
21.98403
3.77717
9.65362
15.88655
21.97249
6.85702
22.45079
10.56361
22.15805
9.36173
11.24456
9.30111
2.47968
2.76185
4.86849
4.62792
24.96835
1.06799
5.06242
3.47053
14.83621
1.05155
6.5996
17.7176
3.142
10.53069
6.31706
13.71373
8.75382
4.99674
6.00858
8.45816
12.40317
12.37399
7.5667
7.0023
7.34635
3.20906
16.6735
5.68272
8.84378
3.26064
18.59731
5.71157
8.14138
15.98571
11.82022
17.39829
6.59319
5.34503
7.51511
16.54384
20.28915
8.39273
10.92975
9.00215
7.61335
8.02638
2.92362
6.89092
7.12058
11.8729
9.94842
4.94077
6.94452
12.31385
7.62996
4.63048
4.59693
4.34552
6.01468
4.82014
12.161
5.55726
10.93676
14.26264
14.18879
11.03429
14.66963
12.78999
20.38935
13.68987
4.62445
5.61
16.23993
14.32613
4.96575
9.22025
11.00609
18.17898
2.85013
5.20712
25.33727
17.66172
11.07115
7.53557
19.75459
4.42682
10.11209
7.4087
10.6325
6.31603
13.14278
17.49011
10.87333
11.04177
8.96925
12.86046
12.92286
9.62841
5.24617
19.10572
11.83131
15.53101
13.43908
6.14077
10.56476
5.57303
12.70429
9.20182
7.80492
6.7401
12.35811
20.81282
8.19108
2.47485
10.83226
4.96858
5.47217
10.7855
12.43582
13.56365
18.5673
14.30274
13.47371
5.18489
9.82695
18.72617
9.32154
17.76464
13.72539
10.54936
14.72171
12.95232
10.42411
13.03
5.98352
9.6937
4.43936
18.72403
22.73736
5.35032
7.64169
26.50757
16.96032
10.17202
12.38826
8.4039
10.06216
21.60491
7.66226
11.89211
9.01808
17.65146
13.26079
12.21168
11.79855
7.32493
6.9905
25.03206
3.14625
3.62283
10.06514
10.46364
16.6961
10.25603
8.39251
28.26495
12.45767
5.34311
16.89474
24.49371
10.70546
11.45297
15.58462
13.91102
3.93224
10.80352
8.86976
7.2469
22.97632
18.18863
6.7799
17.65039
5.92405
28.09006
5.6537
15.30498
16.35068
8.21598
5.52917
16.71559
11.57377
6.14171
5.65559
39.2777
10.95548
6.53327
4.99146
5.49944
4.47875
4.75736
6.19263
11.11109
5.24429
11.78104
2.64105
14.1673
6.49794
16.46397
19.19153
27.72882
8.39945
15.97431
5.38715
10.24942
12.08366
11.53642
16.77384
3.60833
9.25954
3.74235
8.51392
17.5216
5.28342
16.61213
1.97363
8.53329
11.23587
10.73263
23.84915
11.07653
24.45145
12.16829
11.33622
12.67056
6.00457
7.74911
18.25644
3.54425
11.27103
6.28744
14.97097
14.64478
21.94361
14.46425
0.25034
22.6602
25.56496
3.42044
32.30584
19.67895
7.22118
34.27578
0.9357
6.69858
5.80099
9.32115
4.26703
8.97963
8.29775
13.29142
11.33359
6.0287
19.83943
2.72441
4.14394
16.04511
14.93532
11.48663
7.03244
13.34751
12.88483
1.14451
3.28276
15.87295
4.81197
2.3192
3.87921
1.54496
10.56475
18.19234
14.54894
10.59757
14.28529
6.08295
1.69489
9.50431
5.55672
3.95879
8.30025
11.6132
14.74905
16.87885
16.47916
6.73325
5.16045
0.47704
12.85143
3.87565
10.54964
6.38383
15.33607
11.75772
12.97703
9.84116
17.00982
5.65288
16.33706
13.169
7.32477
5.17298
15.23218
13.80686
14.48367
0.2042
6.30244
7.34432
4.50086
2.71265
20.55695
8.52246
3.65185
3.60218
8.41335
0.88359
25.63128
13.44746
23.84383
25.42022
19.79322
10.14057
11.44887
8.22656
10.76746
6.31169
10.42779
3.86742
1.0819
13.68671
18.58128
10.55881
2.03481
11.94842
15.77515
18.55028
4.53917
9.62574
10.20802
2.64278
6.62717
3.79817
24.43821
9.19616
4.15839
6.53703
0.50382
3.22915
10.00544
13.99755
11.67598
10.23007
9.07944
1.18256
18.21531
13.59407
10.6009
8.6014
4.29687
7.58526
5.61867
8.6398
9.10248
9.22958
7.82373
5.98527
6.13979
5.34741
8.04854
11.52221
20.08145
10.25547
19.58878
6.45116
13.61728
9.07002
5.06144
12.32876
17.86719
8.27154
2.59203
22.14561
4.12793
9.96862
14.69712
8.48892
17.39162
11.63694
7.36997
10.58423
12.8478
9.89315
12.1748
10.65744
6.49213
15.58967
17.86863
5.43111
6.47387
11.50388
12.00615
16.04546
4.25747
7.64457
11.89536
13.882
17.70944
19.96737
8.63439
9.99449
6.50709
5.57826
15.55573
11.05351
10.17124
8.54536
1.06936
39.8887
8.61436
30.08665
28.17841
17.45624
8.74462
23.7968
14.29649
3.60627
5.15436
2.16659
7.04567
13.69132
8.76157
5.78247
9.40482
4.08479
10.86457
6.61952
16.31153
11.68844
10.53565
22.66521
11.50114
9.14988
3.48024
1.84935
10.43851
19.5374
2.99704
16.17908
1.54437
0.85559
5.9443
1.54014
7.80977
7.78016
8.58126
14.83686
7.98018
6.81254
6.57791
7.34987
15.47488
22.00146
8.00537
6.78309
18.44487
11.32177
3.94754
23.69172
7.00142
11.72456
11.70678
16.71333
9.44662
7.90164
3.20372
0.89257
9.18946
19.99708
27.83377
12.69869
13.59002
6.6293
22.39594
4.32189
1.18883
5.19119
8.08628
9.67601
8.27639
14.53327
1.82814
13.19028
1.81015
7.75773
7.54646
8.82306
4.3744
10.94239
13.43459
9.07909
5.62499
12.09521
10.29511
12.93404
10.47106
2.80883
16.87123
10.70088
8.1793
5.25661
2.36052
17.85494
1.80769
8.20778
23.31941
8.34751
9.47825
16.1224
9.58865
7.58575
0.69035
10.24159
4.38692
12.3773
2.22376
3.40221
24.06913
15.83761
1.35596
11.35775
22.16556
12.42961
8.36503
7.21368
11.49772
7.35714
14.83625
13.05172
2.4118
5.54144
7.66297
0.54662
3.31309
23.26848
5.34263
11.32719
17.13107
5.95535
15.16446
5.18361
16.68841
9.67458
9.79067
15.38332
8.82816
8.53618
5.03615
3.41798
16.03902
11.13756
4.42418
3.03117
5.55745
10.43808
23.09322
13.49154
5.69837
5.85421
10.76503
19.07184
9.8434
6.5538
9.69572
20.9753
25.85364
5.57585
3.75466
14.48756
10.03713
18.45882
11.77664
11.46863
1.57961
19.49246
6.82932
4.66242
17.13648
7.51646
16.05238
32.425
15.48661
21.42866
8.36469
15.13664
6.69678
32.11039
8.70104
9.03475
12.5806
13.53068
6.08335
3.38023
2.1099
13.49862
4.29741
7.96415
11.32826
17.76848
4.36233
8.94789
12.1499
20.5502
4.45638
7.23138
8.97476
4.85411
5.48304
15.64432
17.13947
23.22287
26.66269
6.19087
12.8474
3.77656
7.15154
13.20394
8.57247
9.471
4.60323
5.27884
1.51267
0.77681
9.64939
10.54702
1.03275
8.20047
11.8343
4.11051
3.46919
12.66655
7.31657
3.87283
8.86657
6.25542
23.75623
21.08991
0.61478
1.03397
17.77893
5.8278
14.81358
20.1733
5.56898
9.59805
9.96244
20.83104
6.32856
10.42825
22.51874
10.16349
20.80575
5.20311
23.73126
14.32317
13.74949
11.23056
10.78331
8.07808
7.02539
6.86757
18.59756
14.91329
10.06279
2.11936
6.05418
7.48454
25.34025
2.31423
1.39536
15.56239
8.54406
3.03928
8.13522
23.40573
24.56808
4.71018
2.12637
28.83829
2.86247
19.24883
11.35149
4.64264
5.38519
13.29491
5.01682
12.63759
7.74535
9.15929
4.66417
6.45883
10.57859
9.60778
8.85377
20.20944
13.61445
13.02648
4.92882
5.89382
10.18464
5.39471
10.78926
16.66457
12.80585
4.78879
5.9687
7.78189
3.04522
30.82057
10.94635
9.84822
11.72522
6.54938
9.98205
8.67161
16.32724
9.27281
25.98376
18.59892
3.70435
15.15498
14.36121
12.31885
10.0863
11.43052
14.33203
13.42504
4.3729
13.6474
14.98907
13.94894
23.52912
15.45218
6.48417
11.45993
13.67322
2.26243
6.18586
13.18453
14.18117
5.92115
15.67353
3.23293
9.51089
4.52914
5.37329
6.58869
5.94671
11.82699
15.8814
13.22244
12.52146
7.2252
6.83489
9.50063
7.18585
6.30157
10.63728
13.55512
12.32908
7.19904
13.44596
21.27261
8.42825
7.37803
8.35629
4.92444
8.40442
6.29104
4.16057
11.3072
8.17861
4.35918
15.37549
7.91709
11.01798
8.83059
11.16697
8.98632
4.41479
4.13905
6.24127
10.90156
11.04918
12.68102
8.33897
15.30777
21.3385
17.84884
10.51852
7.00504
10.64339
12.05445
3.98589
0.26808
11.80175
13.27259
10.49318
3.85306
8.59917
10.25374
3.37767
16.24578
5.31241
26.27379
13.2956
16.32642
12.01022
3.65952
1.36739
7.11786
10.14383
2.82603
4.78832
25.97752
4.02165
5.92943
6.5177
34.40596
8.97466
11.97974
4.96572
10.09172
5.60933
12.17162
24.16816
9.59186
12.03819
12.8979
16.15077
11.93543
19.42592
22.68974
5.7864
13.2334
21.16752
9.92589
8.69099
13.14419
3.90205
12.48486
13.24473
13.78108
7.41099
7.57334
6.93632
8.81386
13.11485
9.60105
14.16523
17.35409
5.84551
3.1895
3.68937
7.46317
6.06689
9.21359
8.46817
12.0107
9.0916
9.11611
5.57088
6.30473
17.01767
11.69304
9.06452
20.2167
16.21365
6.06198
16.15707
14.11775
10.24054
15.94595
10.58641
10.86095
7.21324
7.89122
6.4207
18.81811
19.3707
2.49926
16.39168
12.46191
6.22773
