1.74873
1.75522
1.76776
1.75624
1.75076
1.75352
1.76284
1.75284
1.75111
1.73633
1.74813
1.7497
1.74344
1.78278
1.7404
1.75552
1.74738
1.74781
1.75648
1.72559
1.76511
1.76261
1.75754
1.77053
1.74966
1.75585
1.75093
1.74294
1.74862
1.7529
1.74559
1.76547
1.74223
1.78072
1.76905
1.7461
1.75448
1.76418
1.74918
1.77022
1.75878
1.74515
1.77378
1.74813
1.76349
1.75201
1.74524
1.76441
1.76046
1.74582
1.74491
1.75362
1.72339
1.75282
1.74902
1.74481
1.74331
1.73472
1.76437
1.75034
1.75089
1.75063
1.74267
1.761
1.74003
1.74042
1.77394
1.74134
1.76727
1.75308
1.75924
1.7417
1.75368
1.75946
1.74658
1.75522
1.75113
1.771
1.74702
1.76241
1.76683
1.75334
1.76053
1.75217
1.74593
1.76871
1.75356
1.75338
1.75854
1.75521
1.74801
1.77564
1.76797
1.74836
1.75457
1.7457
1.76381
1.7332
1.75396
1.74177
1.74484
1.75837
1.76571
1.75302
1.73992
1.75233
1.74594
1.75412
1.76259
1.76431
1.75938
1.75794
1.75538
1.74066
1.76215
1.73272
1.78098
1.7381
1.74702
1.76235
1.7716
1.76422
1.77141
1.7633
1.74388
1.76163
1.75995
1.72811
1.7534
1.74931
1.74357
1.75166
1.73938
1.77213
1.77335
1.74514
1.75808
1.75912
1.74674
1.75792
1.76234
1.74004
1.75356
1.75013
1.75283
1.76973
1.72738
1.75387
1.76324
1.72846
1.75223
1.75588
1.76342
1.75221
1.746
1.75878
1.75493
1.74302
1.76807
1.74906
1.7551
1.74719
1.76939
1.78485
1.74886
1.75844
1.74216
1.72028
1.76039
1.76041
1.74973
1.76265
1.74891
1.74552
1.76723
1.74498
1.7635
1.75592
1.74223
1.75464
1.76283
1.75422
1.75726
1.75197
1.75788
1.7502
1.74118
1.74952
1.73049
1.73941
1.75196
1.76505
1.76382
1.75611
1.7415
1.74921
1.77441
1.77055
1.75482
1.76567
1.75859
1.75707
1.77621
1.76053
1.73994
1.74353
1.73171
1.74183
1.75831
1.72857
1.79521
1.75814
1.77069
1.75008
1.74367
1.75018
1.76309
1.76897
1.74961
1.75803
1.74666
1.77864
1.76355
1.74046
1.78242
1.7574
1.75582
1.76527
1.7519
1.75255
1.75842
1.74561
1.73163
1.77198
1.77618
1.7657
1.75569
1.74439
1.76797
1.76274
1.76706
1.76714
1.7542
1.74686
1.76374
1.72366
1.75832
1.75859
1.74744
1.7531
1.73625
1.74749
1.77513
1.75381
1.76778
1.75707
1.76838
1.75985
1.74447
1.75385
1.71638
1.76002
1.7352
1.76048
1.74734
1.76632
1.74603
1.75197
1.74935
1.76667
1.76773
1.75549
1.75016
1.7497
1.75076
1.749
1.73954
1.72581
1.77089
1.7697
1.76619
1.74976
1.76694
1.76603
1.74167
1.75714
1.76163
1.74654
1.72944
1.74004
1.74843
1.74297
1.77019
1.74717
1.74214
1.77496
1.74601
1.74786
1.76308
1.74631
1.73882
1.74544
1.73272
1.77386
1.75338
1.73834
1.7745
1.76713
1.74415
1.72888
1.74473
1.7573
1.77109
1.75519
1.76036
1.75665
1.7583
1.74167
1.76598
1.74034
1.77582
1.7659
1.77227
1.77451
1.73767
1.75192
1.74564
1.75573
1.75861
1.76518
1.75565
1.74336
1.75103
1.7368
1.75379
1.74295
1.75279
1.77189
1.73734
1.74809
1.77591
1.76222
1.74683
1.76262
1.75141
1.79609
1.76712
1.76859
1.73922
1.75076
1.76956
1.75688
1.77527
1.74944
1.76989
1.76718
1.74202
1.77975
1.73931
1.74814
1.74162
1.72874
1.75444
1.7444
1.76125
1.7695
1.76395
1.744
1.72781
1.7617
1.75159
1.75049
1.73506
1.77082
1.75424
1.74329
1.75395
1.75491
1.73857
1.75687
1.75698
1.77013
1.74905
1.71883
1.75647
1.77064
1.74735
1.7624
1.76184
1.75525
1.75969
1.74188
1.76793
1.75286
1.73305
1.75093
1.74778
1.76593
1.7476
1.74792
1.74482
1.73877
1.74979
1.77339
1.76669
1.75544
1.76188
1.76027
1.78821
1.74298
1.7572
1.76269
1.74122
1.75521
1.77155
1.73704
1.73579
1.75994
1.75823
1.75533
1.738
1.74629
1.76437
1.77337
1.7608
1.75828
1.76953
1.75279
1.74675
1.77012
1.73069
1.73234
1.77686
1.75375
1.76028
1.718
1.77073
1.74991
1.73915
1.7685
1.75161
1.76798
1.76203
1.78629
1.7399
1.76542
1.7626
1.76318
1.76507
1.76472
1.75538
1.75854
1.73038
1.73129
1.75156
1.74813
1.74365
1.76387
1.76219
1.75844
1.75839
1.74807
1.76196
1.75277
1.74415
1.7788
1.7598
1.75105
1.74524
1.76026
1.75626
1.75963
1.74707
1.74978
1.76895
1.72925
1.74807
1.73637
1.74262
1.76165
1.72564
1.77037
1.75975
1.7409
1.7644
1.74484
1.75426
1.75783
1.74866
1.74636
1.75911
1.74518
1.75716
1.75377
1.74872
1.74674
1.75234
1.77571
1.75739
1.74957
1.75199
1.74992
1.74172
1.75161
1.77443
1.7684
1.75565
1.76246
1.75825
1.75412
1.76225
1.75652
1.7675
1.73211
1.77004
1.76653
1.77053
1.74523
1.72273
1.75487
1.76765
1.7743
1.75774
1.73938
1.7427
1.76577
1.7592
1.77088
1.74394
1.75103
1.74871
1.74021
1.76039
1.73643
1.76904
1.74208
1.77025
1.73376
1.74419
1.74782
1.75028
1.75731
1.77723
1.75648
1.73545
1.74233
1.76375
1.75515
1.75432
1.76038
1.73575
1.76481
1.72935
1.75986
1.74582
1.72967
1.7635
1.77841
1.77886
1.75848
1.75285
1.76831
1.75933
1.7632
1.7488
1.76943
1.75082
1.75682
1.74428
1.72349
1.74785
1.72958
1.73328
1.74242
1.74642
1.75075
1.76863
1.76658
1.76168
1.74572
1.77585
1.76655
1.76611
1.73947
1.77664
1.75539
1.7429
1.7579
1.75224
1.7441
1.73492
1.73961
1.7693
1.75908
1.77558
1.77395
1.74236
1.76404
1.74808
1.76091
1.77328
1.75928
1.74754
1.75684
1.74802
1.74973
1.7758
1.72579
1.73173
1.75231
1.75522
1.76442
1.7439
1.75149
1.72067
1.74761
1.73738
1.77009
1.74945
1.75581
1.74172
1.74742
1.75557
1.74713
1.73177
1.75823
1.75758
1.76161
1.75664
1.75703
1.75006
1.7705
1.74957
1.76969
1.74727
1.76532
1.76224
1.76172
1.72506
1.76151
1.7806
1.76389
1.75073
1.74231
1.74766
1.76117
1.75803
1.75008
1.76149
1.74613
1.77861
1.77015
1.74162
1.73404
1.77254
1.74408
1.76153
1.75785
1.79409
1.74048
1.76412
1.73875
1.75169
1.74798
1.76673
1.76205
1.74991
1.74827
1.76755
1.76229
1.7493
1.74463
1.73843
1.75429
1.73063
1.75457
1.75104
1.75218
1.75337
1.74842
1.77302
1.75304
1.78011
1.74392
1.75539
1.75395
1.75257
1.78342
1.75444
1.7485
1.73196
1.76375
1.76803
1.73602
1.75749
1.7588
1.77469
1.76776
1.75316
1.74495
1.74515
1.75453
1.72202
1.75765
1.75799
1.74026
1.77281
1.73029
1.74103
1.76072
1.74456
1.76383
1.73918
1.7572
1.74342
1.7236
1.74938
1.76702
1.7752
1.77672
1.72495
1.76249
1.74905
1.75104
1.74327
1.7549
1.771
1.73355
1.75035
1.76494
1.75745
1.75338
1.73552
1.75049
1.76633
1.7596
1.76654
1.75769
1.77306
1.77297
1.77488
1.75193
1.74738
1.7683
1.74869
1.75319
1.73436
1.73398
1.74625
1.73475
1.73586
1.75836
1.75928
1.75585
1.76876
1.76441
1.7274
1.7599
1.7645
1.75095
1.75868
1.75012
1.74935
1.72247
1.78593
1.74953
1.77135
1.76521
1.76035
1.73385
1.75742
1.75562
1.73435
1.77382
1.78617
1.76562
1.74531
1.76244
1.76494
1.76162
1.75006
1.74862
1.74714
1.74519
1.7474
1.75619
1.77174
1.76239
1.75141
1.75923
1.75069
1.74431
1.75005
1.76977
1.75077
1.7368
1.76937
1.7599
1.76619
1.73389
1.74833
1.76288
1.75774
1.75301
1.74482
1.75952
1.73687
1.7693
1.75999
1.76683
1.74375
1.75444
1.77072
1.76475
1.72533
1.74634
1.74826
1.74835
1.77546
1.75134
1.7551
1.74867
1.71742
1.74268
1.74584
1.76629
1.76451
1.76449
1.76576
1.75108
1.76415
1.76334
1.74092
1.75971
1.76366
1.74011
1.75735
1.76004
1.7484
1.74587
1.78711
1.74557
1.75507
1.77592
1.75532
1.77306
1.74464
1.7413
1.74141
1.76879
1.7587
1.73664
1.76522
1.774
1.74151
1.74094
1.76834
1.77056
1.75113
1.74871
1.78208
1.75441
1.75701
1.74411
1.74249
1.75
1.77345
1.74083
1.75352
1.74148
1.75118
1.75326
1.75263
1.74569
1.73241
1.7557
1.7567
1.76625
1.76266
1.73143
1.75769
1.73706
1.76932
1.7481
1.74628
1.77311
1.74815
1.75444
1.75885
1.7478
1.75878
1.77244
1.74101
1.7471
1.75196
1.73757
1.72871
1.75659
1.75923
1.75593
1.75041
1.76234
1.76728
1.75262
1.73647
1.77621
1.74569
1.75032
1.74906
1.77512
1.77378
1.77127
1.73758
1.77614
1.75696
1.74939
1.75481
1.74139
1.76578
1.76435
1.73186
1.77584
1.72909
1.74611
1.7487
1.74046
1.76744
1.76564
1.76848
1.76194
1.78016
1.74859
1.75056
1.73387
1.75014
1.75569
1.74622
1.7635
1.74737
1.7559
1.75984
1.75024
1.77669
1.73928
1.76149
1.76661
1.73718
1.7711
1.74933
1.75075
1.73393
1.75479
1.74631
1.76477
1.73729
1.75257
1.76978
1.74291
1.77242
1.75265
1.74899
1.75304
1.76752
1.75092
1.74035
1.77443
1.75309
1.74125
1.77135
1.77251
1.74573
1.75186
1.75573
1.74624
1.7387
1.73783
1.75192
1.74709
1.77302
1.74581
1.75034
1.76067
1.7561
1.73987
1.75743
1.73654
1.77021
1.76831
1.77269
1.75915
1.73379
1.75894
1.77103
1.75284
1.75232
1.75048
1.743
1.71947
1.73684
1.7604
