51.90411
52.54688
50.84264
50.16551
50.22893
51.43774
52.80696
50.4424
52.35862
49.25089
50.28669
50.52854
49.71219
52.26302
50.58362
52.11498
51.87116
50.60543
50.72811
47.19277
50.73617
53.44102
51.44327
51.9311
49.77634
51.12756
50.44152
50.68943
51.1765
52.34667
49.59443
50.76614
49.52912
51.22314
53.45505
49.68792
51.08912
52.33889
50.33299
52.7065
51.79755
49.62412
52.87425
50.88043
50.41801
51.13438
50.83214
52.35674
51.66588
48.81
49.84007
52.08953
49.92732
48.74972
50.19481
50.21283
50.29575
51.34511
49.40863
48.675
50.51367
52.42649
50.85523
52.98681
50.71751
51.03679
52.8354
50.77483
50.6884
50.11976
52.43415
51.01507
54.39772
51.27467
50.9163
50.55162
51.40269
52.27
47.94087
51.34133
51.54764
51.29169
50.91047
51.7581
51.81397
51.63299
49.89299
50.39633
52.13922
52.59297
50.46834
51.04413
52.72981
51.06693
51.04642
50.20471
50.10985
48.19558
52.70097
50.07293
50.91451
50.89144
51.49082
50.52597
51.17662
51.38978
50.64979
51.47591
51.99772
51.72019
52.48561
50.89202
51.81886
49.57496
50.62272
51.16377
51.95205
49.12886
52.10453
52.21028
53.46992
52.1865
53.31597
54.11581
49.20106
51.69495
50.4225
48.87139
49.68817
50.06201
51.44928
49.2992
49.41072
51.80827
53.20544
51.69325
49.5613
49.94563
50.31974
52.89549
52.19806
49.8961
52.51672
50.5069
49.24905
52.25328
50.95183
51.01506
52.03941
49.95164
49.80525
49.9948
52.58931
50.83051
50.81333
52.29664
53.02356
50.58988
53.04435
49.80572
51.43389
50.6269
51.56501
53.10663
49.91926
50.9836
49.32183
49.83496
50.35136
51.52556
49.60173
51.47224
49.62332
50.78046
50.80835
50.91376
51.77578
48.30468
49.54628
49.55078
51.2467
50.2539
50.88547
50.5354
51.76344
50.59266
49.79129
52.86427
51.93942
49.47222
50.57877
52.20985
50.71798
53.00883
50.50632
51.82073
52.83954
51.89333
51.35987
53.11517
52.71895
50.732
53.36487
51.02221
49.16061
49.04745
50.01531
48.99612
52.27158
50.13162
53.6112
52.15899
52.06224
51.26913
50.61504
49.58354
50.66048
51.66177
49.78911
50.84475
50.42454
51.5989
50.92234
49.40841
51.63657
52.77801
51.46146
51.71988
50.88148
49.41241
52.71475
49.41372
49.4471
51.58745
52.95797
51.65144
51.34545
49.67412
49.72887
52.51304
51.68091
52.32907
51.32577
50.73789
52.19476
50.11574
51.8063
51.52421
50.59717
50.32388
50.62277
48.07978
50.61585
53.61418
53.78584
50.64306
51.16594
50.83583
49.35144
50.80378
48.20384
49.59581
51.05546
51.55741
51.56173
51.79308
50.62897
49.98424
50.52962
51.47542
53.31525
50.00715
49.57345
50.74641
48.72486
48.47338
52.06159
49.75294
53.82537
51.03907
50.84181
49.92419
52.85099
52.26495
49.72044
50.83813
52.29786
50.40885
50.09772
48.61366
50.8271
49.56454
49.65382
50.49861
49.55136
51.25765
49.95098
51.8094
50.7827
49.80888
51.40222
50.39252
48.91149
51.89407
51.89423
49.86197
52.37705
52.94441
50.06097
47.86625
49.49716
50.75862
51.0982
52.83908
50.54778
49.80514
51.34682
50.00488
52.07246
51.75823
52.33296
51.01112
50.45893
51.66821
48.92842
50.63167
51.83867
51.22347
50.74002
50.41567
49.70917
50.29122
49.01616
49.58006
49.65818
48.69883
51.83371
51.83522
48.53339
50.84995
51.87113
50.25386
49.94164
51.0882
49.30742
52.58434
52.77084
52.30785
49.61371
51.13103
54.67009
50.60663
49.85492
50.09273
51.7312
52.52065
49.35952
52.35438
47.15742
48.83542
50.44464
51.0312
51.33749
48.636
51.87459
50.25581
52.19054
50.93037
47.65283
49.89685
49.82667
50.18781
49.11517
51.83375
51.06656
49.63248
52.10949
51.03563
50.41266
51.5221
53.39694
51.82031
52.04874
47.85386
53.50547
51.27981
49.57812
50.72886
50.99823
50.00689
48.26605
50.23001
50.63973
50.7511
51.26202
49.82919
51.48747
51.58514
50.22503
50.64807
50.87691
49.5938
49.94471
51.38756
51.59857
49.86632
49.56639
49.84732
53.05255
49.14946
54.36125
51.30096
49.63174
50.55576
52.43924
49.75003
47.06422
51.92345
50.06635
51.57459
49.98189
49.5106
49.88584
52.02286
53.67897
53.14858
52.90566
50.17916
48.43963
52.81394
48.30718
50.85129
52.621
51.01133
49.72522
48.40519
51.69445
51.1694
50.16179
51.56059
49.10413
51.95721
51.59183
54.94115
51.28693
52.05547
50.1202
50.31598
50.42344
50.26727
51.76115
51.04107
48.42576
49.28851
49.2721
50.68423
48.74553
49.91423
51.457
50.70608
51.10217
51.25876
51.1502
50.52491
50.63259
53.06851
50.06235
49.57553
50.26306
51.5325
49.89657
50.90394
52.05981
51.45166
52.91787
50.25753
50.19781
47.14832
49.35458
51.82319
49.37428
50.45414
50.50805
50.09442
51.96254
49.18186
50.15016
51.57195
51.47629
48.92124
51.48729
49.69237
50.44026
50.00692
50.29768
50.87143
52.67903
54.9743
50.1531
51.44381
51.04945
49.78052
47.91998
50.55468
53.03818
51.42291
51.15364
53.48532
51.96374
50.77593
52.69062
50.84894
50.72124
50.47603
50.67978
50.65795
53.81395
48.83671
49.32411
49.17774
52.94641
51.90272
51.21333
51.24492
49.83119
52.65191
48.96476
51.38102
49.79806
49.1687
52.2774
50.98404
50.27785
49.51337
51.78174
50.24424
52.08665
50.39936
51.98028
50.18406
51.78582
51.01444
51.43087
49.73771
51.4205
50.69946
51.29582
51.62981
50.96461
49.66779
48.14174
51.89577
48.72659
52.68706
49.52258
48.51662
52.72848
53.25434
53.73739
52.78159
50.64358
51.20667
52.02411
51.91973
51.83099
52.82885
53.62759
49.48675
52.42924
47.50143
51.52384
48.58188
50.89172
52.36507
49.43592
50.54126
53.84555
51.66369
52.66772
50.24217
53.90822
51.86954
52.11715
49.4441
52.45763
51.39251
49.17324
51.06861
50.42401
50.67375
50.35907
49.72583
50.60276
51.02753
51.72662
52.97165
50.28336
51.53505
49.69228
53.18996
52.48362
51.01457
49.63182
50.81486
50.46854
51.6093
51.13029
48.12029
49.03033
48.27002
49.24533
52.57887
50.18807
51.34674
48.60741
48.9449
49.54829
51.89656
48.97664
50.21193
51.67474
52.33499
51.23713
51.80121
50.45722
51.99762
51.67117
51.4719
51.86583
51.54112
50.89883
54.92947
50.61055
52.92161
49.23924
53.08905
51.02693
50.30364
50.35324
53.16585
52.31618
53.36287
49.59688
48.17236
49.96675
54.31067
50.66918
52.25408
51.98412
48.87684
51.87204
53.27994
51.60394
50.44792
54.95323
51.30241
50.29088
53.16206
54.29443
50.27119
50.59157
49.71987
50.78589
50.9146
50.26539
52.36367
49.23845
49.66408
54.33466
53.13941
52.48055
49.71838
48.57793
50.53334
49.55991
49.31661
51.25587
51.72456
52.85408
49.99638
51.68866
50.15575
51.00202
50.86173
51.95674
51.62919
51.47432
52.68555
51.69553
51.13829
49.10072
51.25571
51.49235
51.68138
51.08293
50.53213
52.26758
51.56163
51.55169
50.33712
48.26673
50.53418
49.66573
52.72311
51.07264
50.95035
52.34473
48.07763
48.37756
51.0598
49.87297
51.62387
50.26434
52.22289
50.52801
48.23993
50.02274
50.78605
50.38818
52.86018
49.86133
51.7424
49.47584
50.13363
51.21306
50.72732
52.32096
50.99273
49.20071
52.38616
51.61405
51.31049
48.77033
50.9855
52.00275
49.75166
50.4494
51.72364
51.23533
52.43207
52.33891
52.08334
49.05532
50.64202
49.87637
50.56644
48.61097
48.12416
48.91648
49.07612
48.72554
52.3703
52.66348
50.34629
51.27097
51.26625
48.67499
52.28793
50.69228
49.67607
51.23645
49.86915
50.50355
50.66574
55.05683
50.38561
51.05949
53.20395
51.02227
48.94275
51.07596
49.83178
50.2404
50.34797
52.38742
50.87748
50.57238
51.18851
51.70695
51.96108
51.0504
50.05693
50.36185
48.90477
51.71848
51.50692
52.60449
50.08549
51.73672
52.58689
51.21248
51.29371
50.15673
52.6289
50.74412
50.15869
51.11046
50.14656
52.00737
50.14133
50.49904
51.47982
51.4826
51.64896
52.15624
51.76307
48.76589
50.10487
52.36807
52.0003
49.84061
50.09595
52.24528
52.10937
49.4878
51.83653
47.92189
50.57447
52.94152
49.18886
51.71846
50.81118
49.34019
49.65197
49.88696
50.4226
50.82592
51.94365
51.71298
50.60648
52.30288
52.70867
51.89007
51.18545
51.01185
50.35508
50.75461
52.68599
50.00499
52.32893
53.83754
50.94866
50.85468
52.83093
52.52355
54.08594
49.44125
51.57911
49.8601
52.28512
53.24165
51.17299
53.01512
53.45843
49.81624
49.85564
52.14333
51.48441
51.35717
49.62419
54.26212
50.49161
51.40573
50.96557
52.0298
50.18172
51.94846
49.93678
52.90931
52.63592
51.38506
49.92452
51.45342
52.08027
49.9554
50.57084
51.21317
52.59655
50.12568
50.50193
51.71158
49.13508
51.73312
49.85146
50.4948
52.94233
51.52588
49.80863
51.37074
50.8799
52.28455
54.26331
49.16216
48.70455
50.95324
51.6159
51.14181
51.30477
51.86003
51.40797
50.1893
52.96244
52.45437
50.43598
50.45949
51.81252
49.00959
50.13096
52.75684
53.00318
50.70311
52.65923
51.52431
54.30517
50.94881
51.39976
52.83629
49.90923
49.10572
51.82336
48.99709
52.65981
49.18676
50.55646
49.4072
49.93724
52.63341
52.60789
51.41302
52.19806
51.8575
49.72155
51.77645
49.66861
50.54832
51.28358
50.02362
53.85699
53.06863
52.62301
52.20054
50.14535
55.15938
50.58471
52.83451
52.71791
50.4362
53.96796
50.58752
49.87703
49.09954
49.27267
50.2722
51.32181
51.02238
51.70464
50.51265
50.46771
51.92398
49.99225
51.9249
49.72453
53.81975
51.19424
50.23895
53.62363
48.47129
50.3283
52.99608
51.67908
50.38383
52.79175
49.08772
49.31031
51.19174
51.18284
52.30936
50.36975
52.26744
49.01659
51.55873
51.77654
52.62628
49.54091
51.65354
48.68954
51.64656
52.79094
53.51493
49.35714
49.41568
51.71621
51.40838
51.03603
52.42142
49.76163
49.31425
48.50747
49.40981
50.13302
