0.99947
0.9982
1.00007
0.99697
1.00065
0.99768
0.9953
0.99735
1.00091
0.99756
1.00007
1.00254
1.00209
0.99519
0.99823
1.00218
0.99883
1.00601
1.00127
1.00341
1.00084
0.99695
0.99803
1.00439
1.00536
0.99334
1.0016
1.00251
1.00026
0.99776
0.99335
1.00086
0.99699
0.99821
0.99691
1.00022
0.9984
0.99519
1.00023
0.99188
1.00619
1.00336
1.00266
1.00575
1.00155
1.0034
0.99509
0.99851
0.99094
1.0025
1.00222
0.99573
0.99918
1.00203
0.99836
1.00033
1.0017
0.99717
0.99856
1.00517
0.99921
0.99189
1.00338
0.99122
1.00376
1.00159
0.99822
0.99953
1.00166
1.00265
0.99791
0.9941
0.9994
0.99377
1.00268
1.00427
1.00027
1.00102
1.00617
0.9985
1.00193
1.00581
1.00364
0.99719
1.00335
1.00526
1.00476
0.99904
0.99803
1.00729
0.99554
0.99986
1.00117
1.00114
1.0009
1.00303
0.99894
0.99913
1.00073
0.99772
