-0.00029
-8e-05
-0.0027
0.00257
-0.00168
0.0025
0.00243
0.0026
-0.00248
0.00164
0.00025
-0.00293
-0.00159
0.00276
0.00064
-0.00233
0.00166
-0.00396
-0.00056
-0.00234
0.0002
-0.00019
0.00207
-0.00116
-0.0031
0.00432
-0.00042
-0.00057
-0.00149
0.0018
0.00348
-0.00053
0.00262
0.00129
0.0016
-0.00048
0.00054
0.00212
0.001
0.00359
-0.00307
-0.00085
-0.00139
-0.00285
-0.00068
-0.0003
0.00226
0.00077
0.00386
-0.00095
-0.00265
0.00342
-0.0004
-0.00079
0.00111
-0.00091
-0.00267
0.00174
0.00103
-0.00317
0.00092
0.00445
-0.00145
0.00289
-0.00219
-0.00202
0.00104
0.001
-0.00285
-0.00298
0.00083
0.0017
0.00137
0.00333
-0.00047
-0.00196
0.00031
-0.00151
-0.00388
0.00145
-7e-05
-0.00305
-0.00307
0.00085
-0.00088
-0.00363
-0.00382
-0.00105
0.00163
-0.00276
0.00161
-0.00021
0.0017
-0.00186
-0.00213
-0.00194
-0.0007
-6e-05
-0.00146
0.00087
