0.00045
0.00072
0.00173
-0.00156
0.00182
0.00072
0.00019
-0.00047
0.00171
0.0002
0.00039
-0.00049
0.00102
-0.00075
0.00127
0.00197
-0.0007
0.00137
0.00168
0.00155
0.00031
0.00047
-0.00236
0.00057
-0.00045
0.00138
-0.00063
-0.00198
-0.00192
-0.00019
-0.00145
-0.00033
0.00172
0.00322
-0.0019
-0.00119
0.0006
-0.00072
-0.00051
-0.00101
0.00022
0.00199
0.00151
0.00145
-0.0008
-0.00119
0.00147
-0.00159
-0.00242
0.00018
-0.0003
0.0023
-0.0009
-0.00023
0.00158
0.00113
-0.00122
0.00043
-0.00134
-0.00046
0.00191
-0.00109
-0.00102
0.0003
-0.00151
-0.00114
0.00095
0.00049
-0.00069
-0.00011
0.0003
-0.00029
0.00016
0.00093
0.0003
0.00141
-0.00184
-0.00042
-0.00037
-0.00085
-0.00099
0.00107
-0.00072
-0.0011
-0.00129
-0.00022
-0.00117
-0.00079
-0.00101
-0.0004
8e-05
-0.00196
-0.00269
0.0003
0.00062
0.00051
-0.00172
0.00048
-0.00114
0.00057
