2.04926
1.99652
2.0158
1.99713
2.00941
1.97999
2.00257
1.98765
2.05887
2.02434
1.95605
1.96445
1.97038
1.98759
2.00451
1.9844
2.00718
1.96579
2.05885
2.00181
1.99362
2.04728
2.05944
2.0258
1.98071
2.02696
2.01367
1.96811
2.00803
2.02775
1.96147
1.98967
1.9974
2.02511
2.04165
1.95789
2.02015
1.95674
1.9669
2.01934
1.97856
1.93938
2.00527
2.0313
1.97192
1.92799
1.94993
2.02568
1.94773
1.92994
1.94578
1.94979
2.00789
1.99997
1.96691
1.95884
1.98426
1.95604
2.04965
2.0593
1.93097
2.0083
2.01574
1.96984
1.97893
2.02301
1.96156
2.08927
1.93887
1.9783
1.95436
1.96413
2.00666
2.05284
1.99991
2.01689
2.02457
2.00283
2.03561
1.98918
1.97296
2.01978
2.01344
1.98485
1.9523
2.06488
2.02611
1.96571
2.01318
2.00895
1.98272
2.02406
2.01906
2.00075
1.99074
2.03288
2.02217
2.01464
2.05114
1.96427
