0.00914
0.01288
0.01122
0.01118
0.01212
0.00994
0.01042
0.01447
0.00573
0.00467
0.01518
0.01369
0.01792
0.01051
0.0096
0.0179
0.01331
0.01719
0.00301
0.01247
0.01347
0.00114
0.00844
0.00957
0.00926
0.00841
0.00915
0.01338
0.01231
0.00541
0.0211
0.00278
0.00961
0.00922
0.00674
0.01373
0.00673
0.00956
0.01135
0.00542
0.00562
0.00887
0.00293
0.00014
0.00741
0.01388
0.01152
0.00993
0.01623
0.03304
0.01196
0.01031
0.00623
0.01181
0.01535
0.01355
0.00985
0.01386
0.00014
0.00618
0.01632
0.01043
0.00998
0.0153
0.01376
0.00802
0.0195
0.0021
0.00981
0.01988
0.01621
0.01866
0.0111
0.00542
0.01604
0.00765
0.00592
0.00392
0.01032
0.00976
0.01316
0.00384
0.00788
0.01502
0.02236
0.00265
0.00445
0.01388
0.00799
0.00668
0.01729
0.00454
0.00193
0.0121
0.00903
0.0062
0.00631
0.00621
0.00761
0.01081
