20.5776
19.75411
20.98649
19.55571
19.9365
19.69185
20.3924
20.05209
19.5627
20.23622
20.41752
19.54974
20.10496
20.91056
19.93884
20.35639
20.68448
19.59896
20.18564
20.09655
20.30805
19.76104
20.34775
19.6927
20.39491
21.14788
19.23863
20.98432
19.42112
20.64151
20.6266
19.97514
20.78791
19.37285
20.62958
19.83641
21.80464
20.93422
20.31155
20.2101
19.24843
19.2459
19.9222
20.27574
19.74864
18.6475
19.87766
20.43146
19.37541
19.88725
18.04027
19.55683
20.60037
20.02858
20.25733
20.25351
19.60657
20.02053
19.78006
20.27084
20.34641
19.80041
20.69336
19.61618
19.95737
19.9912
20.46238
19.27387
20.10524
19.34603
19.82385
19.94309
20.95918
19.88048
20.23731
18.76113
19.84017
18.48304
19.69687
19.5008
19.93842
18.86272
19.90278
20.1323
19.15539
20.46305
20.47493
19.49778
20.39407
19.85749
19.82191
19.89704
19.47141
19.23795
19.80954
20.1328
19.12456
19.25784
19.47977
19.59327
