0.00322
0.00129
-8e-05
0.0054
-0.00139
-0.00285
0.00513
0.00201
-0.00081
0.00224
-0.00077
0.00066
0.00047
-0.00123
0.00452
0.00622
0.0
0.005
0.00053
0.0028
-0.00227
0.00317
0.00278
0.00252
0.00178
-0.00115
-0.00161
0.00026
-0.00203
-0.00052
4e-05
0.00284
0.00239
0.00907
-0.0003
-0.00113
0.00542
-0.00486
0.00561
-0.0004
-0.00098
0.00123
-0.0012
0.00232
0.00597
0.00412
-0.00078
-0.00422
-0.00088
0.00472
0.00384
0.00043
0.00298
0.00151
-0.00024
-0.00051
0.00025
0.00056
0.0046
-0.00176
-0.00244
-0.00352
0.00046
0.00218
0.00558
-0.00188
0.00309
0.00307
-0.00102
-0.00154
-0.00463
0.00085
0.00033
0.00354
0.00118
-0.00156
-0.00283
-0.00151
0.00055
0.00073
-0.0031
0.00106
0.00068
-0.00497
0.00797
-0.00059
0.00426
-3e-05
-0.0017
-0.00095
0.00321
-0.00138
0.00287
-0.00034
0.00023
0.0008
-0.00116
0.00054
0.00038
0.00252
