4.32011
1.3585
0.70643
11.13121
7.81134
2.0707
0.63897
0.12932
2.83394
0.02437
0.08993
0.92384
2.50013
0.94182
13.20673
3.05809
0.09223
3.13287
0.50824
5.59124
0.74433
1.55082
0.40594
2.968
2.31755
1.89708
1.66888
0.18374
0.08063
0.03598
0.76648
2.768
1.09931
1.96471
0.81734
0.6684
0.75968
2.30242
0.00339
0.5423
5.83612
8.82699
0.93424
0.73266
5.77725
0.42296
0.0091
0.2138
0.05987
0.43194
0.07506
0.27169
1.27041
0.09656
12.73454
0.42939
0.44447
3.86681
0.89532
5.0303
0.04941
0.76174
0.42605
3.87183
0.67041
1.29615
4.19159
4.15844
4.68603
0.17142
0.00419
0.17663
2.40357
0.83166
3.23034
0.50385
2.27428
0.40189
0.13501
4.56086
0.47087
0.99665
1.83025
0.10811
1.56849
1.6363
0.116
0.7204
0.33314
5.86614
3.59751
0.80518
0.73012
5.23194
1.99733
0.25805
1.59639
0.12439
0.65832
4.20502
