17.9986
20.47634
9.52391
10.7784
34.74192
33.61272
15.54274
24.00185
8.87323
10.4697
15.33484
23.40016
21.49267
12.58828
19.91887
25.12444
17.82221
13.22395
13.9393
20.58342
9.49458
9.275
17.01679
13.54798
16.05139
36.9951
14.0682
16.18523
10.03697
18.36209
10.52599
9.62885
12.20047
6.97677
6.13239
12.68514
11.02922
5.65975
2.84202
26.17112
11.48172
20.13091
9.87776
11.06047
8.08658
23.2833
20.20579
4.32389
5.01558
24.79292
23.89381
28.66161
19.26605
10.00671
17.99764
11.0973
13.98268
21.23562
11.78268
28.53817
14.91376
16.74747
12.78485
3.35318
25.62388
13.93538
7.66735
20.85553
27.14274
29.44079
19.24041
9.97829
24.72559
5.53714
25.32686
11.00641
8.86826
17.30854
10.87501
3.24294
1.55524
8.1932
23.45472
20.64464
22.24449
24.999
14.16734
11.31439
6.95108
39.25777
14.7457
7.22313
17.81231
18.74511
4.41402
11.02
9.0896
27.14422
20.41643
11.90754
