1.67627
1.74596
1.72067
1.71756
1.68089
1.72137
1.72967
1.69747
1.64778
1.64778
1.72985
1.72985
1.69024
1.69024
1.73602
1.73602
1.69892
1.69892
1.69955
1.69955
1.68204
1.68204
1.70085
1.70085
1.72534
1.72534
1.718
1.718
1.7051
1.7051
1.70721
1.70721
1.73336
1.73336
1.68171
1.68171
1.66457
1.66457
1.74915
1.74915
1.69483
1.69483
1.63768
1.63768
1.71492
1.71492
1.77574
1.77574
1.727
1.727
1.69482
1.69482
1.70763
1.70763
1.71884
1.71884
1.72728
1.72728
1.71573
1.71573
1.7326
1.7326
1.68637
1.68637
1.64404
1.64404
1.70747
1.70747
1.69776
1.69776
1.73551
1.73551
1.71701
1.71701
1.68945
1.68945
1.67318
1.67318
1.72855
1.72855
1.71021
1.71021
1.66743
1.66743
1.68478
1.68478
1.68614
1.68614
1.7092
1.7092
1.70331
1.70331
1.66771
1.66771
1.6823
1.6823
1.66143
1.66143
1.66533
1.66533
1.6985
1.6985
1.69416
1.69416
1.6791
1.6791
1.66956
1.66956
1.70583
1.70583
1.73301
1.73301
1.73709
1.73709
1.69808
1.69808
1.71628
1.71628
1.68695
1.68695
1.73321
1.73321
1.68856
1.68856
1.7603
1.7603
1.67954
1.67954
1.71911
1.71911
1.64428
1.64428
1.71667
1.71667
1.691
1.691
1.67622
1.67622
1.73922
1.73922
1.695
1.695
1.67247
1.67247
1.66627
1.66627
1.60369
1.60369
1.67576
1.67576
1.73593
1.73593
1.71499
1.71499
1.71978
1.71978
1.68896
1.68896
1.70431
1.70431
1.64391
1.64391
1.70369
1.70369
1.70108
1.70108
1.75229
1.75229
1.67577
1.67577
1.66765
1.66765
1.68695
1.68695
1.68847
1.68847
1.68369
1.68369
1.71149
1.71149
1.70334
1.70334
1.703
1.703
1.70506
1.70506
1.71537
1.71537
1.71205
1.71205
1.66539
1.66539
1.70014
1.70014
1.70841
1.70841
1.73727
1.73727
1.68649
1.68649
1.73507
1.73507
1.71948
1.71948
1.70435
1.70435
1.69825
1.69825
1.67303
1.67303
1.71243
1.71243
1.69619
1.69619
1.70937
1.70937
1.72897
1.72897
1.66753
1.66753
1.72666
1.72666
1.6689
1.6689
1.67531
1.67531
1.74124
1.74124
1.7111
1.7111
1.71328
1.71328
1.65237
1.65237
1.71509
1.71509
1.63443
1.63443
1.71102
1.71102
1.70807
1.70807
1.67038
1.67038
1.66569
1.66569
1.68301
1.68301
1.70911
1.70911
1.70694
1.70694
1.67837
1.67837
1.71263
1.71263
1.72156
1.72156
1.72595
1.72595
1.69999
1.69999
1.65592
1.65592
1.72561
1.72561
1.71882
1.71882
1.72173
1.72173
1.65964
1.65964
1.72916
1.72916
1.69518
1.69518
1.73043
1.73043
1.72697
1.72697
1.65985
1.65985
1.69422
1.69422
1.68968
1.68968
1.68912
1.68912
1.66717
1.66717
1.67673
1.67673
1.69446
1.69446
1.70244
1.70244
1.71607
1.71607
1.7166
1.7166
1.6919
1.6919
1.66824
1.66824
1.67933
1.67933
1.74497
1.74497
1.71103
1.71103
1.72332
1.72332
1.71113
1.71113
1.66493
1.66493
1.67727
1.67727
1.6828
1.6828
1.67433
1.67433
1.70446
1.70446
1.71659
1.71659
1.71495
1.71495
1.66856
1.66856
1.71297
1.71297
1.67946
1.67946
1.72096
1.72096
1.71597
1.71597
1.6963
1.6963
1.68443
1.68443
1.7184
1.7184
1.67744
1.67744
1.70776
1.70776
1.66624
1.66624
1.71229
1.71229
1.62883
1.62883
1.68313
1.68313
1.70206
1.70206
1.66371
1.66371
1.7198
1.7198
1.72519
1.72519
1.66183
1.66183
1.71189
1.71189
1.73553
1.73553
1.68854
1.68854
1.67895
1.67895
1.67031
1.67031
1.70047
1.70047
1.68066
1.68066
1.7327
1.7327
1.71595
1.71595
1.71521
1.71521
1.71143
1.71143
1.69386
1.69386
1.71264
1.71264
1.6397
1.6397
1.67185
1.67185
1.71983
1.71983
1.70404
1.70404
1.71431
1.71431
1.63374
1.63374
1.70855
1.70855
1.6483
1.6483
1.68942
1.68942
1.69488
1.69488
1.69334
1.69334
1.71055
1.71055
1.65765
1.65765
1.62749
1.62749
1.70995
1.70995
1.69814
1.69814
1.71994
1.71994
1.70017
1.70017
1.71506
1.71506
1.68203
1.68203
1.6889
1.6889
1.71696
1.71696
1.66167
1.66167
1.69216
1.69216
1.69675
1.69675
1.7895
1.7895
1.69002
1.69002
1.71333
1.71333
1.66089
1.66089
1.67413
1.67413
1.6528
1.6528
1.66384
1.66384
1.72001
1.72001
1.66826
1.66826
1.68974
1.68974
1.70196
1.70196
1.71047
1.71047
1.70591
1.70591
1.68348
1.68348
1.67703
1.67703
1.7285
1.7285
1.67724
1.67724
1.67718
1.67718
1.72258
1.72258
1.69702
1.69702
1.67339
1.67339
1.66172
1.66172
1.73862
1.73862
1.69983
1.69983
1.68761
1.68761
1.75042
1.75042
1.74721
1.74721
1.65293
1.65293
1.71783
1.71783
1.68129
1.68129
1.6762
1.6762
1.61502
1.61502
1.70016
1.70016
1.70067
1.70067
1.69848
1.69848
1.69848
1.69848
1.70202
1.70202
1.70028
1.70028
1.6633
1.6633
1.70977
1.70977
1.69003
1.69003
1.72903
1.72903
1.71808
1.71808
1.67109
1.67109
1.74284
1.74284
1.67776
1.67776
1.67556
1.67556
1.73419
1.73419
1.68814
1.68814
1.71658
1.71658
1.68603
1.68603
1.69717
1.69717
1.68768
1.68768
1.73639
1.73639
1.70006
1.70006
1.68851
1.68851
1.68964
1.68964
1.68665
1.68665
1.7192
1.7192
1.63963
1.63963
1.71
1.71
1.71052
1.71052
1.68932
1.68932
1.73612
1.73612
1.65147
1.65147
1.70033
1.70033
1.72258
1.72258
1.70473
1.70473
1.67937
1.67937
1.67931
1.67931
1.64435
1.64435
1.71375
1.71375
1.71754
1.71754
1.65637
1.65637
1.66173
1.66173
1.64427
1.64427
1.68768
1.68768
1.71659
1.71659
1.66614
1.66614
1.70776
1.70776
1.66124
1.66124
1.73156
1.73156
1.70762
1.70762
1.70333
1.70333
1.71255
1.71255
1.71179
1.71179
1.69698
1.69698
1.70903
1.70903
1.64275
1.64275
1.69587
1.69587
1.7446
1.7446
1.69186
1.69186
1.7631
1.7631
1.70242
1.70242
1.72234
1.72234
1.72955
1.72955
1.66456
1.66456
1.71573
1.71573
1.70435
1.70435
1.69247
1.69247
1.67874
1.67874
1.7045
1.7045
1.75922
1.75922
1.68329
1.68329
1.68177
1.68177
1.73089
1.73089
1.71259
1.71259
1.70733
1.70733
1.72552
1.72552
1.73375
1.73375
1.71733
1.71733
1.73266
1.73266
1.70752
1.70752
1.66992
1.66992
1.67802
1.67802
1.69415
1.69415
1.72398
1.72398
1.72331
1.72331
1.67353
1.67353
1.75697
1.75697
1.71762
1.71762
1.68832
1.68832
1.71154
1.71154
1.7264
1.7264
1.72036
1.72036
1.65814
1.65814
1.69213
1.69213
1.71309
1.71309
1.70135
1.70135
1.68848
1.68848
1.67843
1.67843
1.66841
1.66841
1.68626
1.68626
1.71563
1.71563
1.68378
1.68378
1.64681
1.64681
1.65095
1.65095
1.65352
1.65352
1.74481
1.74481
1.66791
1.66791
1.73326
1.73326
1.71178
1.71178
1.67949
1.67949
1.6769
1.6769
1.74846
1.74846
1.70295
1.70295
1.66579
1.66579
1.7076
1.7076
1.72265
1.72265
1.72072
1.72072
1.71482
1.71482
1.67196
1.67196
1.653
1.653
1.68415
1.68415
1.72478
1.72478
1.70425
1.70425
1.72288
1.72288
1.67188
1.67188
1.67331
1.67331
1.70852
1.70852
1.68329
1.68329
1.6998
1.6998
1.70887
1.70887
1.68062
1.68062
1.71965
1.71965
1.71509
1.71509
1.6383
1.6383
1.68022
1.68022
1.70749
1.70749
1.70533
1.70533
1.71653
1.71653
1.68628
1.68628
1.65998
1.65998
1.72864
1.72864
1.75232
1.75232
1.69293
1.69293
1.70834
1.70834
1.73876
1.73876
1.73969
1.73969
1.70417
1.70417
1.70903
1.70903
1.70471
1.70471
1.69244
1.69244
1.67686
1.67686
1.72663
1.72663
1.68652
1.68652
1.69163
1.69163
1.67845
1.67845
1.6796
1.6796
1.69404
1.69404
1.74859
1.74859
1.75841
1.75841
1.7339
1.7339
1.7019
1.7019
1.74072
1.74072
1.67309
1.67309
1.67769
1.67769
1.6976
1.6976
1.6658
1.6658
1.69048
1.69048
1.67542
1.67542
1.71149
1.71149
1.6557
1.6557
1.70358
1.70358
1.74098
1.74098
1.69224
1.69224
1.67797
1.67797
1.71406
1.71406
1.68769
1.68769
1.66584
1.66584
1.70555
1.70555
1.69401
1.69401
1.64765
1.64765
1.70068
1.70068
1.70072
1.70072
1.75366
1.75366
1.70962
1.70962
1.65567
1.65567
1.6998
1.6998
1.66302
1.66302
1.69406
1.69406
1.65581
1.65581
1.746
1.746
1.71896
1.71896
1.66973
1.66973
1.68585
1.68585
1.69461
1.69461
1.75263
1.75263
1.73028
1.73028
1.75121
1.75121
1.71489
1.71489
1.68233
1.68233
1.65917
1.65917
1.67557
1.67557
1.70676
1.70676
1.68562
1.68562
1.67056
1.67056
1.74259
1.74259
1.66334
1.66334
1.69146
1.69146
1.69243
1.69243
1.67383
1.67383
1.72979
1.72979
1.69694
1.69694
1.69441
1.69441
1.73188
1.73188
1.68729
1.68729
1.67909
1.67909
1.69473
1.69473
1.70882
1.70882
1.71974
1.71974
1.68946
1.68946
1.71875
1.71875
1.68008
1.68008
1.60501
1.60501
1.70963
1.70963
1.65845
1.65845
1.71756
1.71756
1.71262
1.71262
1.71444
1.71444
1.68842
1.68842
1.69669
1.69669
1.69265
1.69265
1.71179
1.71179
1.71455
1.71455
1.66479
1.66479
1.69094
1.69094
1.67008
1.67008
1.67782
1.67782
1.71656
1.71656
1.70114
1.70114
1.73783
1.73783
1.71158
1.71158
1.68979
1.68979
1.77463
1.77463
1.68009
1.68009
1.71918
1.71918
1.6592
1.6592
1.68366
1.68366
