0.00617
0.00172
0.00519
0.00396
0.00504
0.00426
0.00399
0.00574
0.00828
0.00828
0.00238
0.00238
0.00506
0.00506
0.00318
0.00318
0.00414
0.00414
0.003
0.003
0.00558
0.00558
0.00417
0.00417
0.00324
0.00324
0.00169
0.00169
0.0048
0.0048
0.00413
0.00413
0.00426
0.00426
0.00673
0.00673
0.00656
0.00656
0.00106
0.00106
0.00458
0.00458
0.00826
0.00826
0.00519
0.00519
7e-05
7e-05
0.00438
0.00438
0.00703
0.00703
0.00595
0.00595
0.0064
0.0064
0.00389
0.00389
0.00339
0.00339
0.00365
0.00365
0.00275
0.00275
0.00613
0.00613
0.00578
0.00578
0.00487
0.00487
0.00246
0.00246
0.00292
0.00292
0.00423
0.00423
0.00411
0.00411
0.00215
0.00215
0.00261
0.00261
0.00666
0.00666
0.00415
0.00415
0.00691
0.00691
0.00334
0.00334
0.00381
0.00381
0.00761
0.00761
0.00438
0.00438
0.00774
0.00774
0.00653
0.00653
0.00705
0.00705
0.00493
0.00493
0.0051
0.0051
0.00836
0.00836
0.00457
0.00457
0.00457
0.00457
0.00345
0.00345
0.00583
0.00583
0.00312
0.00312
0.00681
0.00681
0.00285
0.00285
0.00462
0.00462
0.00218
0.00218
0.00704
0.00704
0.00464
0.00464
0.01002
0.01002
0.00432
0.00432
0.00496
0.00496
0.00549
0.00549
0.00412
0.00412
0.00572
0.00572
0.00834
0.00834
0.00571
0.00571
0.01225
0.01225
0.00742
0.00742
0.00266
0.00266
0.00357
0.00357
0.00408
0.00408
0.00462
0.00462
0.00518
0.00518
0.00787
0.00787
0.00685
0.00685
0.00614
0.00614
0.00349
0.00349
0.00836
0.00836
0.00469
0.00469
0.00713
0.00713
0.00832
0.00832
0.00584
0.00584
0.00407
0.00407
0.00339
0.00339
0.00477
0.00477
0.00408
0.00408
0.00456
0.00456
0.00512
0.00512
0.00763
0.00763
0.0079
0.0079
0.00291
0.00291
0.0048
0.0048
0.00582
0.00582
0.00304
0.00304
0.00449
0.00449
0.00283
0.00283
0.00549
0.00549
0.00475
0.00475
0.00224
0.00224
0.00407
0.00407
0.00551
0.00551
0.00289
0.00289
0.00623
0.00623
0.00298
0.00298
0.00695
0.00695
0.00873
0.00873
0.00413
0.00413
0.00578
0.00578
0.00266
0.00266
0.00782
0.00782
0.00307
0.00307
0.00774
0.00774
0.00512
0.00512
0.00536
0.00536
0.00535
0.00535
0.00633
0.00633
0.00494
0.00494
0.00641
0.00641
0.00452
0.00452
0.00571
0.00571
0.00285
0.00285
0.00393
0.00393
0.00248
0.00248
0.00533
0.00533
0.0076
0.0076
0.0022
0.0022
0.00383
0.00383
0.00398
0.00398
0.00676
0.00676
0.00326
0.00326
0.00313
0.00313
0.00388
0.00388
0.00282
0.00282
0.01013
0.01013
0.00509
0.00509
0.00792
0.00792
0.00498
0.00498
0.00827
0.00827
0.00566
0.00566
0.00657
0.00657
0.00536
0.00536
0.00255
0.00255
0.00368
0.00368
0.00339
0.00339
0.00535
0.00535
0.00511
0.00511
0.00182
0.00182
0.00434
0.00434
0.00353
0.00353
0.00399
0.00399
0.00597
0.00597
0.00524
0.00524
0.0069
0.0069
0.00621
0.00621
0.00673
0.00673
0.0042
0.0042
0.00379
0.00379
0.00542
0.00542
0.0041
0.0041
0.00715
0.00715
0.00319
0.00319
0.00433
0.00433
0.00405
0.00405
0.00601
0.00601
0.00325
0.00325
0.00651
0.00651
0.00353
0.00353
0.00735
0.00735
0.00434
0.00434
0.0077
0.0077
0.00471
0.00471
0.00409
0.00409
0.00748
0.00748
0.00279
0.00279
0.00289
0.00289
0.00616
0.00616
0.00365
0.00365
0.00739
0.00739
0.0071
0.0071
0.00583
0.00583
0.00615
0.00615
0.00496
0.00496
0.0067
0.0067
0.00321
0.00321
0.00323
0.00323
0.00367
0.00367
0.00476
0.00476
0.00548
0.00548
0.0046
0.0046
0.00761
0.00761
0.00717
0.00717
0.0054
0.0054
0.00593
0.00593
0.00379
0.00379
0.00794
0.00794
0.00394
0.00394
0.00724
0.00724
0.00749
0.00749
0.00501
0.00501
0.00622
0.00622
0.00441
0.00441
0.0056
0.0056
0.00853
0.00853
0.0037
0.0037
0.00365
0.00365
0.00337
0.00337
0.00489
0.00489
0.00354
0.00354
0.00558
0.00558
0.00498
0.00498
0.00511
0.00511
0.00588
0.00588
0.00359
0.00359
0.00355
0.00355
-0.00083
-0.00083
0.00643
0.00643
0.00568
0.00568
0.00678
0.00678
0.00684
0.00684
0.00975
0.00975
0.00581
0.00581
0.00499
0.00499
0.00571
0.00571
0.00585
0.00585
0.00453
0.00453
0.00356
0.00356
0.00484
0.00484
0.00649
0.00649
0.00563
0.00563
0.00345
0.00345
0.00545
0.00545
0.00727
0.00727
0.00436
0.00436
0.00373
0.00373
0.00876
0.00876
0.00869
0.00869
0.0034
0.0034
0.00601
0.00601
0.00504
0.00504
0.00034
0.00034
0.0021
0.0021
0.00723
0.00723
0.00369
0.00369
0.00479
0.00479
0.00537
0.00537
0.00906
0.00906
0.00479
0.00479
0.00426
0.00426
0.00778
0.00778
0.0034
0.0034
0.00513
0.00513
0.00502
0.00502
0.00673
0.00673
0.0033
0.0033
0.0044
0.0044
0.00342
0.00342
0.00571
0.00571
0.00364
0.00364
0.00328
0.00328
0.0055
0.0055
0.00695
0.00695
0.00347
0.00347
0.00549
0.00549
0.00411
0.00411
0.00441
0.00441
0.00509
0.00509
0.00314
0.00314
0.00398
0.00398
0.00417
0.00417
0.00625
0.00625
0.00485
0.00485
0.0051
0.0051
0.00276
0.00276
0.0077
0.0077
0.00492
0.00492
0.00645
0.00645
0.00536
0.00536
0.00366
0.00366
0.007
0.007
0.00625
0.00625
0.00424
0.00424
0.00601
0.00601
0.00542
0.00542
0.00586
0.00586
0.00959
0.00959
0.00466
0.00466
0.00518
0.00518
0.00563
0.00563
0.00841
0.00841
0.00514
0.00514
0.00234
0.00234
0.00349
0.00349
0.00886
0.00886
0.00226
0.00226
0.00566
0.00566
0.00286
0.00286
0.00509
0.00509
0.00628
0.00628
0.00568
0.00568
0.00344
0.00344
0.00489
0.00489
0.00389
0.00389
0.01265
0.01265
0.0049
0.0049
0.00211
0.00211
0.00687
0.00687
0.00163
0.00163
0.00355
0.00355
0.00528
0.00528
0.00325
0.00325
0.00746
0.00746
0.00355
0.00355
0.00663
0.00663
0.00314
0.00314
0.00669
0.00669
0.00556
0.00556
0.00309
0.00309
0.00506
0.00506
0.00606
0.00606
0.00383
0.00383
0.00366
0.00366
0.00675
0.00675
0.00488
0.00488
0.00473
0.00473
0.00252
0.00252
0.00233
0.00233
0.00259
0.00259
0.00633
0.00633
0.00637
0.00637
0.00634
0.00634
0.00537
0.00537
0.00394
0.00394
0.00528
0.00528
0.00299
0.00299
0.00361
0.00361
0.00416
0.00416
0.00537
0.00537
0.00522
0.00522
0.00507
0.00507
0.00849
0.00849
0.00456
0.00456
0.004
0.004
0.00536
0.00536
0.00689
0.00689
0.0057
0.0057
0.00832
0.00832
0.00462
0.00462
0.00441
0.00441
0.00527
0.00527
0.00738
0.00738
0.00444
0.00444
0.00657
0.00657
0.00241
0.00241
0.00745
0.00745
0.00253
0.00253
0.00389
0.00389
0.00578
0.00578
0.00609
0.00609
0.00205
0.00205
0.0044
0.0044
0.00766
0.00766
0.00452
0.00452
0.00384
0.00384
0.00401
0.00401
0.00451
0.00451
0.0052
0.0052
0.00719
0.00719
0.00666
0.00666
0.00261
0.00261
0.00398
0.00398
0.00376
0.00376
0.00705
0.00705
0.00599
0.00599
0.00385
0.00385
0.0049
0.0049
0.00396
0.00396
0.00423
0.00423
0.00539
0.00539
0.00642
0.00642
0.00701
0.00701
0.00637
0.00637
0.0072
0.0072
0.00562
0.00562
0.00753
0.00753
0.00451
0.00451
0.00631
0.00631
0.0064
0.0064
0.0041
0.0041
0.00233
0.00233
0.00454
0.00454
0.00298
0.00298
0.00349
0.00349
0.00206
0.00206
0.00723
0.00723
0.00175
0.00175
0.00347
0.00347
0.00382
0.00382
0.00604
0.00604
0.0032
0.0032
0.00446
0.00446
0.00476
0.00476
0.0086
0.0086
0.00795
0.00795
0.00632
0.00632
0.00471
0.00471
0.00289
0.00289
0.00477
0.00477
0.00438
0.00438
0.00335
0.00335
0.00617
0.00617
0.00895
0.00895
0.00664
0.00664
0.00667
0.00667
0.00413
0.00413
0.00464
0.00464
0.00338
0.00338
0.00541
0.00541
0.00506
0.00506
0.00314
0.00314
0.00277
0.00277
0.00675
0.00675
0.00332
0.00332
0.00501
0.00501
0.00658
0.00658
0.00501
0.00501
0.00534
0.00534
0.0092
0.0092
0.00499
0.00499
0.00405
0.00405
0.00385
0.00385
0.00382
0.00382
0.00874
0.00874
0.00487
0.00487
0.00788
0.00788
0.00452
0.00452
0.00598
0.00598
0.00258
0.00258
0.00203
0.00203
0.00644
0.00644
0.00408
0.00408
0.00576
0.00576
0.00199
0.00199
0.00106
0.00106
0.00124
0.00124
0.00548
0.00548
0.006
0.006
0.00599
0.00599
0.00797
0.00797
0.00382
0.00382
0.0056
0.0056
0.00704
0.00704
0.00395
0.00395
0.00607
0.00607
0.0085
0.0085
0.00372
0.00372
0.00528
0.00528
0.00248
0.00248
0.0061
0.0061
0.00658
0.00658
0.00254
0.00254
0.00351
0.00351
0.00731
0.00731
0.00772
0.00772
0.00447
0.00447
0.00253
0.00253
0.0072
0.0072
0.00608
0.00608
0.00556
0.00556
0.00895
0.00895
0.00404
0.00404
0.00571
0.00571
0.00391
0.00391
0.00525
0.00525
0.00332
0.00332
0.00632
0.00632
0.00453
0.00453
0.00686
0.00686
0.00319
0.00319
0.00197
0.00197
0.00955
0.00955
0.00479
0.00479
0.00711
0.00711
0.00819
0.00819
0.00289
0.00289
0.00542
0.00542
0.00321
0.00321
0.00501
0.00501
0.00368
0.00368
0.00112
0.00112
0.00635
0.00635
0.00503
0.00503
0.00674
0.00674
0.00531
0.00531
