49.34935
51.02217
52.31135
51.37545
50.19756
52.51958
52.84602
49.77348
51.53058
49.0158
50.74534
49.35562
51.36557
48.00221
51.91214
49.992
52.37523
49.8748
48.45565
48.30579
48.99713
49.84035
52.12851
49.89317
51.88378
48.66956
51.09759
48.47307
51.71764
50.04096
52.89273
47.90485
49.16395
52.56651
53.1591
50.084
48.92897
48.70677
50.29533
51.30293
52.2287
46.62757
50.91597
48.28553
52.52797
51.57424
44.66897
52.31482
46.59204
52.47549
52.46396
50.03445
48.6755
50.84314
48.33939
54.20721
50.34091
52.1546
46.63024
52.28665
52.38333
51.34742
52.74532
48.21193
48.42561
46.90421
46.44393
52.00528
50.92735
47.87309
49.2049
51.96214
48.86133
48.49376
51.10916
49.53948
51.43405
46.12243
50.45461
53.56213
51.86463
47.29529
48.6053
48.74043
52.69601
48.80337
48.49185
52.02086
50.01828
49.2974
49.9832
52.26097
49.83883
48.51282
47.03255
47.88107
49.2599
48.79958
48.19232
48.93483
51.4082
52.64036
48.919
49.50688
47.80721
49.28516
51.75888
48.53049
50.08391
51.70156
49.80887
52.44606
45.48
52.18369
48.87044
50.02082
52.18937
50.50128
50.23535
49.39794
49.49071
51.69997
46.89408
49.00602
47.05012
53.54894
48.06608
50.08562
50.15628
50.0339
52.21053
50.83036
50.45383
50.64607
47.42532
49.22888
46.52017
48.98197
47.25425
54.86854
49.14638
50.78086
49.99446
50.49177
51.83797
47.24047
49.71418
45.40666
48.59761
47.3216
46.07178
53.08593
50.66117
50.4317
51.53488
51.64342
49.16575
47.6242
51.29556
52.16865
50.85533
48.76364
53.78384
52.84942
51.37041
49.71604
47.22038
52.57127
49.00513
51.2669
48.94443
48.01505
46.93636
50.9613
49.89519
50.59906
50.42622
50.31842
48.93965
50.48785
48.92533
51.88087
50.64947
50.70483
49.6227
49.18415
46.98211
51.13505
51.17481
50.97188
47.3666
47.45109
50.29979
50.59635
48.15939
50.19326
48.1223
53.73957
50.89053
49.00931
51.99986
50.6425
48.42719
51.60836
48.79765
50.56505
51.12449
52.43889
50.74876
48.90771
49.06748
50.54386
54.67148
50.34828
52.34423
51.57652
47.8076
52.03463
47.43329
48.06004
47.64796
52.94319
52.88433
49.56019
48.93599
49.54879
51.02656
50.85921
45.60194
51.38779
51.45881
49.72209
48.83835
48.7012
52.18787
49.46382
48.20214
45.78769
52.09523
54.51044
49.08056
50.94088
49.46843
47.67312
52.11467
46.97936
48.28127
48.18542
48.85232
50.20408
48.13853
49.76302
49.5813
49.26244
49.13574
50.72444
52.33114
49.58465
47.62453
52.00561
50.43026
47.84478
50.55517
47.11397
48.15563
51.66363
52.12697
51.1458
49.61576
51.9838
47.85566
49.12585
51.73857
50.70311
48.22162
49.06372
50.09259
51.69778
51.35484
50.99306
49.71767
46.80641
49.74004
48.29269
46.83101
49.52147
48.23218
49.94099
51.91353
48.20255
50.77706
49.21232
48.82307
52.79019
48.01474
49.71603
50.38601
49.87271
49.103
49.50825
49.02897
49.10446
49.96767
48.32807
51.3958
48.91173
51.32028
51.86808
49.20038
52.40197
49.31812
51.48643
48.5109
52.56105
48.12205
47.50342
53.26201
48.79884
50.44019
49.97143
52.34936
47.72743
49.75676
49.43074
47.68587
51.66025
49.133
47.93961
52.69123
48.07101
49.2283
50.19486
50.43596
49.36704
55.19356
51.19545
52.01063
50.51597
49.51042
46.4939
48.72226
50.11065
51.29894
52.44402
50.5367
48.95029
50.31579
48.86646
49.67072
49.40287
50.1829
50.50644
46.80009
46.7737
48.1124
50.00387
50.02274
48.85543
48.20111
49.75894
49.75581
49.95487
49.14172
52.3413
51.60866
45.92652
49.9152
49.75485
48.48783
54.91442
51.6011
48.19394
49.57865
49.90468
45.48819
48.38794
52.72487
51.15994
48.8285
49.32168
49.63872
52.52926
49.19913
51.26022
48.82063
51.54766
50.84174
50.26621
49.20562
49.37772
49.05788
51.41642
49.11623
44.63583
46.07682
47.00774
50.5234
51.86751
50.0038
50.53807
51.21088
49.22152
50.27062
45.31312
50.82976
49.96489
49.02326
48.46357
51.34282
49.45884
47.36106
49.99269
53.62311
50.78929
45.40485
50.50955
50.4189
45.6229
50.23497
45.38393
49.38911
48.60696
52.71657
49.65922
49.92038
51.30026
49.97234
47.2236
49.95541
48.1301
50.7047
49.6462
49.9416
47.96985
49.83006
51.5603
49.23179
47.58827
51.68452
47.31258
49.46065
49.05674
52.21479
52.97799
49.86036
48.98772
49.07234
52.29342
48.10131
48.069
51.50857
48.91324
48.00316
49.41383
50.0618
48.53024
49.02818
50.81926
51.8726
48.3735
49.91447
48.72931
50.22765
51.27557
49.24376
51.57481
51.33871
50.76711
49.08718
48.17238
48.53259
48.55411
51.06097
52.43667
48.76932
47.82306
49.80076
51.11647
48.17995
48.98202
49.44692
50.02969
47.20593
48.26007
50.75925
49.05738
48.1259
51.20552
49.20292
50.75493
49.03979
50.10368
51.3155
51.1836
52.69484
53.16655
50.67474
46.45724
48.19411
51.29527
52.80259
48.89543
49.16
46.84196
48.72987
46.90659
49.72425
47.29733
48.43833
49.50151
48.73661
50.71745
51.95638
47.65125
50.93338
50.57525
50.27099
49.65431
48.18153
49.10917
52.19727
50.88649
51.67061
49.76107
49.42507
52.71588
47.75487
52.50603
50.2718
46.33141
48.18445
51.7063
47.85579
49.14296
50.76647
47.61382
47.97894
55.34254
47.94222
47.4951
49.84297
48.98251
50.16414
49.4517
48.96514
51.54004
52.55685
48.94179
50.11476
51.97633
47.99056
48.88308
51.12721
49.25404
48.82948
47.57114
51.54051
49.34607
50.15788
53.0334
46.94425
45.83498
50.14227
50.15724
50.56615
52.51915
50.60385
48.37237
47.39305
53.33246
48.04746
46.91075
50.90765
50.86824
49.25263
53.21796
51.05423
51.19112
51.40399
48.09139
46.46338
48.33304
51.41985
47.46981
48.79816
51.00628
53.35981
52.95424
45.74039
47.4292
49.68002
51.41036
51.65715
45.78356
48.70066
48.01614
50.39437
51.88482
51.87817
49.69675
48.59263
48.02612
51.5541
48.17866
45.52327
52.01075
52.33764
49.78929
52.87811
49.48876
51.49496
49.96615
51.14094
51.16217
52.84317
51.63619
49.93678
51.39229
54.20614
48.03307
49.30493
48.29459
48.92031
52.32759
52.76401
49.894
50.22735
52.95939
48.45441
49.4559
47.70874
53.74479
49.66538
51.87854
49.54429
47.89154
51.34678
50.71176
49.44466
52.39098
47.53543
47.03916
49.03631
50.38914
49.31692
50.61194
48.94463
53.24025
53.01555
51.23042
49.72058
47.69172
48.5678
51.80613
48.3049
50.92118
48.98802
50.15389
52.33148
52.60155
47.66906
53.16276
46.97767
49.38472
47.70449
50.07635
53.5538
50.01039
49.50567
49.23789
49.61891
49.48032
52.50715
50.59375
50.43036
54.30618
48.58103
52.74192
49.3349
46.41986
51.83598
54.17548
50.9299
49.43937
47.95947
46.20914
47.59323
50.26894
48.92909
52.72172
50.36037
51.40635
48.4678
49.13399
50.82475
49.14947
50.9127
52.13074
49.58216
48.9394
49.49061
49.59605
48.85317
47.64512
48.59881
49.36358
52.19223
48.00204
48.22417
51.57395
50.36349
48.66018
47.19485
46.20447
47.55358
47.24467
50.16319
48.91935
50.48673
54.7006
47.03214
49.4067
51.34563
49.58429
51.97082
50.04157
49.32748
48.8349
52.48995
47.5135
50.68686
53.58371
49.10487
47.81321
48.65316
48.95626
51.7592
47.63487
51.70944
50.25259
49.55554
50.20183
49.4954
48.13827
51.44992
48.56451
46.89348
49.49735
52.62143
50.05234
51.83702
50.25194
47.86138
50.84719
53.29814
52.67041
50.23916
47.9748
51.05519
49.25049
46.41406
50.68005
49.80722
49.87017
50.02562
48.86519
52.05373
50.63525
49.48281
48.16666
49.74036
51.99379
51.60939
52.01796
51.92634
44.37353
49.63803
49.2207
49.14185
51.09803
49.55429
52.45239
52.35037
52.06952
53.2574
47.5402
50.6493
46.53564
49.72573
53.01521
50.31493
54.25773
48.32522
50.03977
50.60305
49.24183
51.91958
52.9978
52.4331
52.05406
50.19698
53.54426
52.18672
49.25789
53.03824
49.88475
49.62609
48.24094
50.7416
47.83576
53.20085
52.35589
54.6452
47.08612
48.77802
49.78258
51.23801
50.66706
50.49783
48.17506
50.72032
48.12923
49.43726
52.39992
49.66785
51.94361
51.73338
53.21458
48.59596
49.1894
51.79925
54.25851
48.42962
49.65231
47.32048
51.39514
47.62251
49.47937
52.0952
47.45237
48.79473
47.41123
49.60298
47.09233
51.061
48.96907
47.31219
45.338
49.60957
49.72732
49.33186
50.44278
48.95384
47.69531
52.55916
48.5039
51.03219
49.5153
48.87592
48.64896
48.91944
48.41497
47.85486
51.19258
50.47803
48.07386
50.63594
46.16051
45.07572
49.92786
51.71123
49.97858
50.41037
54.82027
49.48144
51.40938
49.65157
48.22674
48.17935
50.28563
49.85363
46.64289
49.93724
49.34892
49.26256
47.03753
49.91682
53.62007
50.3522
49.91381
47.33717
47.21777
53.81897
47.78791
49.37601
50.4613
50.70038
51.87116
50.4611
50.22619
49.57603
52.17454
48.52513
53.44083
49.85677
49.7445
51.9038
48.0867
52.21516
50.91822
49.89681
49.1688
52.10359
46.7
52.31812
48.25793
55.41366
54.70994
46.02287
47.86753
47.47011
50.2881
47.75246
48.649
50.47288
49.63495
51.27507
50.84508
51.99844
49.69618
48.82382
50.28879
45.62736
49.94147
47.29851
46.54081
49.45328
53.44884
49.91526
52.10945
47.37619
48.00781
51.12754
49.61499
49.66326
50.07019
50.71241
51.87247
50.68058
49.21191
51.48072
46.0152
50.84613
50.31628
49.29463
47.19792
48.64975
50.90459
47.11336
50.65189
52.9143
50.10072
50.7385
48.7076
49.87185
47.85483
48.08309
48.1571
48.49372
50.02871
49.87297
50.4251
49.52681
48.94128
49.39187
48.80603
52.95533
48.20503
49.85104
50.66907
50.58263
49.03885
47.17119
51.38527
50.17737
51.46183
50.06416
51.80898
48.18936
49.81102
49.59155
54.49769
52.04229
47.85846
48.96986
50.87269
51.60189
45.98624
47.681
50.52082
