5.0 -1.7 50.0 0.417
5.0 -1.7 100.0 0.119
5.0 -1.7 200.0 0.03
5.0 -1.8 50.0 0.263
5.0 -1.8 100.0 0.07
5.0 -1.8 200.0 0.012
5.0 -1.9 50.0 0.132
5.0 -1.9 100.0 0.043
5.0 -1.9 200.0 0.011
5.0 -2.0 50.0 0.082
5.0 -2.0 100.0 0.023
5.0 -2.0 200.0 0.006
5.0 -2.1 50.0 0.038
5.0 -2.1 100.0 0.015
5.0 -2.1 200.0 0.009
5.0 -2.2 50.0 0.034
5.0 -2.2 100.0 0.014
5.0 -2.2 200.0 0.005
5.0 -2.3 50.0 0.016
5.0 -2.3 100.0 0.005
5.0 -2.3 200.0 0.005
10.0 -1.7 50.0 0.909
10.0 -1.7 100.0 0.435
10.0 -1.7 200.0 0.079
10.0 -1.8 50.0 0.731
10.0 -1.8 100.0 0.257
10.0 -1.8 200.0 0.041
10.0 -1.9 50.0 0.511
10.0 -1.9 100.0 0.121
10.0 -1.9 200.0 0.031
10.0 -2.0 50.0 0.315
10.0 -2.0 100.0 0.089
10.0 -2.0 200.0 0.018
10.0 -2.1 50.0 0.184
10.0 -2.1 100.0 0.044
10.0 -2.1 200.0 0.021
10.0 -2.2 50.0 0.086
10.0 -2.2 100.0 0.026
10.0 -2.2 200.0 0.009
10.0 -2.3 50.0 0.059
10.0 -2.3 100.0 0.019
10.0 -2.3 200.0 0.004
15.0 -1.7 50.0 0.992
15.0 -1.7 100.0 0.696
15.0 -1.7 200.0 0.143
15.0 -1.8 50.0 0.953
15.0 -1.8 100.0 0.47
15.0 -1.8 200.0 0.089
15.0 -1.9 50.0 0.82
15.0 -1.9 100.0 0.299
15.0 -1.9 200.0 0.057
15.0 -2.0 50.0 0.602
15.0 -2.0 100.0 0.168
15.0 -2.0 200.0 0.039
15.0 -2.1 50.0 0.364
15.0 -2.1 100.0 0.112
15.0 -2.1 200.0 0.02
15.0 -2.2 50.0 0.166
15.0 -2.2 100.0 0.047
15.0 -2.2 200.0 0.014
15.0 -2.3 50.0 0.115
15.0 -2.3 100.0 0.021
15.0 -2.3 200.0 0.008
20.0 -1.7 50.0 1.0
20.0 -1.7 100.0 0.877
20.0 -1.7 200.0 0.258
20.0 -1.8 50.0 0.995
20.0 -1.8 100.0 0.688
20.0 -1.8 200.0 0.15
20.0 -1.9 50.0 0.949
20.0 -1.9 100.0 0.472
20.0 -1.9 200.0 0.093
20.0 -2.0 50.0 0.817
20.0 -2.0 100.0 0.265
20.0 -2.0 200.0 0.038
20.0 -2.1 50.0 0.587
20.0 -2.1 100.0 0.147
20.0 -2.1 200.0 0.033
20.0 -2.2 50.0 0.365
20.0 -2.2 100.0 0.08
20.0 -2.2 200.0 0.027
20.0 -2.3 50.0 0.198
20.0 -2.3 100.0 0.033
20.0 -2.3 200.0 0.013
25.0 -1.7 50.0 1.0
25.0 -1.7 100.0 0.96
25.0 -1.7 200.0 0.386
25.0 -1.8 50.0 1.0
25.0 -1.8 100.0 0.834
25.0 -1.8 200.0 0.22
25.0 -1.9 50.0 0.986
25.0 -1.9 100.0 0.647
25.0 -1.9 200.0 0.13
25.0 -2.0 50.0 0.927
25.0 -2.0 100.0 0.41
25.0 -2.0 200.0 0.07
25.0 -2.1 50.0 0.755
25.0 -2.1 100.0 0.249
25.0 -2.1 200.0 0.042
25.0 -2.2 50.0 0.549
25.0 -2.2 100.0 0.123
25.0 -2.2 200.0 0.018
25.0 -2.3 50.0 0.302
25.0 -2.3 100.0 0.074
25.0 -2.3 200.0 0.02
30.0 -1.7 50.0 1.0
30.0 -1.7 100.0 0.983
30.0 -1.7 200.0 0.483
30.0 -1.8 50.0 1.0
30.0 -1.8 100.0 0.914
30.0 -1.8 200.0 0.3
30.0 -1.9 50.0 1.0
30.0 -1.9 100.0 0.736
30.0 -1.9 200.0 0.178
30.0 -2.0 50.0 0.982
30.0 -2.0 100.0 0.521
30.0 -2.0 200.0 0.101
30.0 -2.1 50.0 0.874
30.0 -2.1 100.0 0.317
30.0 -2.1 200.0 0.05
30.0 -2.2 50.0 0.67
30.0 -2.2 100.0 0.206
30.0 -2.2 200.0 0.035
30.0 -2.3 50.0 0.473
30.0 -2.3 100.0 0.1
30.0 -2.3 200.0 0.022
40.0 -1.7 50.0 1.0
40.0 -1.7 100.0 0.999
40.0 -1.7 200.0 0.677
40.0 -1.8 50.0 1.0
40.0 -1.8 100.0 0.98
40.0 -1.8 200.0 0.479
40.0 -1.9 50.0 1.0
40.0 -1.9 100.0 0.914
40.0 -1.9 200.0 0.282
40.0 -2.0 50.0 0.999
40.0 -2.0 100.0 0.744
40.0 -2.0 200.0 0.165
40.0 -2.1 50.0 0.971
40.0 -2.1 100.0 0.511
40.0 -2.1 200.0 0.084
40.0 -2.2 50.0 0.862
40.0 -2.2 100.0 0.302
40.0 -2.2 200.0 0.044
40.0 -2.3 50.0 0.666
40.0 -2.3 100.0 0.176
40.0 -2.3 200.0 0.033
50.0 -1.7 50.0 1.0
50.0 -1.7 100.0 1.0
50.0 -1.7 200.0 0.819
50.0 -1.8 50.0 1.0
50.0 -1.8 100.0 0.998
50.0 -1.8 200.0 0.62
50.0 -1.9 50.0 1.0
50.0 -1.9 100.0 0.974
50.0 -1.9 200.0 0.42
50.0 -2.0 50.0 1.0
50.0 -2.0 100.0 0.854
50.0 -2.0 200.0 0.213
50.0 -2.1 50.0 0.995
50.0 -2.1 100.0 0.654
50.0 -2.1 200.0 0.148
50.0 -2.2 50.0 0.946
50.0 -2.2 100.0 0.45
50.0 -2.2 200.0 0.078
50.0 -2.3 50.0 0.855
50.0 -2.3 100.0 0.238
50.0 -2.3 200.0 0.038
