1.69698
1.68372
1.71971
1.714
1.67517
1.68963
1.70899
1.69633
1.70867
1.69399
1.69427
1.68001
1.70377
1.71933
1.69524
1.67094
1.68707
1.697
1.7187
1.68498
1.70363
1.68196
1.71305
1.69957
1.68463
1.65399
1.71416
1.69985
1.72164
1.69752
1.70365
1.71517
1.69277
1.71326
1.70608
1.70451
1.70653
1.71494
1.73095
1.68509
1.70754
1.697
1.72831
1.71512
1.70008
1.69756
1.69668
1.73662
1.71461
1.68723
1.68783
1.68243
1.66764
1.6998
1.7181
1.69762
1.69489
1.67302
1.71175
1.6931
1.70384
1.69742
1.72438
1.73514
1.68763
1.70471
1.70927
1.67562
1.65925
1.69074
1.69234
1.73002
1.68484
1.75076
1.68792
1.71307
1.71299
1.69784
1.71454
1.70007
1.71461
1.75004
1.71579
1.68317
1.70109
1.67884
1.68426
1.71903
1.70214
1.70307
1.6353
1.69666
1.70489
1.67196
1.71387
1.705
1.68689
1.70627
1.69468
1.676
