0.00558
0.00583
0.00407
0.00418
0.00801
0.00792
0.00525
0.00644
0.00373
0.00403
0.00501
0.00651
0.00623
0.00459
0.00585
0.00656
0.00541
0.00471
0.00492
0.00587
0.00387
0.00379
0.00558
0.00462
0.00505
0.00815
0.0049
0.00523
0.00415
0.00562
0.00411
0.00406
0.00431
0.00329
0.003
0.00466
0.00418
0.00293
0.00202
0.00694
0.00438
0.00585
0.00408
0.00418
0.00351
0.00648
0.00588
0.00261
0.0028
0.0065
0.00652
0.00722
0.00558
0.00396
0.00567
0.00421
0.0047
0.00596
0.0044
0.00739
0.00507
0.00534
0.0046
0.00228
0.00691
0.00488
0.00342
0.00587
0.00682
0.00746
0.00567
0.00405
0.0066
0.00305
0.00671
0.00425
0.00368
0.00553
0.00224
0.00421
0.0021
0.00152
0.0036
0.00635
0.00609
0.006
0.00666
0.00498
0.00423
0.00323
0.00845
0.00495
0.00325
0.00536
0.00584
0.00254
0.00413
0.00381
0.00715
0.00589
