49.98535
50.00094
49.97619
49.9787
49.99381
49.98181
49.99385
50.01285
49.98308
50.017
49.99757
50.04508
49.99737
50.02172
50.04252
49.99981
50.00036
50.05006
50.01906
49.98242
50.0016
50.01898
49.96463
50.00211
49.98431
49.99506
49.97038
50.03637
50.02219
50.00787
50.00181
49.98536
50.01805
49.98179
50.0089
50.01967
49.9945
50.00317
49.96564
49.98007
49.99834
50.00825
49.98129
49.99244
49.99462
49.97963
50.03329
49.99398
50.04067
49.99482
50.01663
50.00412
49.96423
49.9973
49.94555
50.01657
49.9726
50.01684
50.0598
50.00309
49.97486
50.08022
49.99352
50.02767
49.97478
50.00376
49.98384
50.02944
50.02754
50.01684
50.01944
49.97111
49.99142
50.04505
50.05961
49.98753
49.99591
50.02413
50.00755
50.02586
50.02946
49.99617
50.00053
49.98817
49.96598
50.02974
49.9601
50.03665
50.04036
50.01312
49.98058
50.00874
50.00104
49.98949
50.00734
50.02164
50.0281
49.98288
50.01542
50.01804
