18.02039
20.59786
9.79954
10.59767
35.0043
33.21459
15.51386
23.70204
9.06637
10.29776
15.16777
23.64188
21.51893
12.54956
19.93967
25.21588
17.5454
13.23416
13.85774
20.51062
9.37189
9.46184
16.75224
13.28967
15.97957
36.70238
13.88406
15.95687
10.18872
18.18418
9.77884
9.58956
11.95092
6.91529
6.0955
12.68403
11.00228
5.6562
2.72834
26.3198
11.40629
19.91975
9.80472
10.93019
8.02164
22.88649
20.22876
4.30658
5.1507
24.59968
24.1581
28.38131
19.30776
9.90751
17.91459
11.11588
14.17509
21.13618
11.70784
28.52745
14.77027
16.75301
12.62341
3.4715
25.59298
14.07735
7.6434
20.60371
27.47961
29.67832
19.23491
10.10595
24.38274
5.51968
25.01448
10.8485
8.77305
17.46748
3.44154
10.74519
3.13278
1.53592
8.27336
23.52882
20.42664
22.27993
25.1224
14.43885
11.19238
6.74497
39.30548
14.66768
6.93002
17.91779
18.90263
4.38591
11.17044
9.10836
27.33797
20.44663
