1.75161
1.76706
1.78161
1.76553
1.7454
1.77174
1.77727
1.76492
1.76984
1.74926
1.77184
1.7601
1.78068
1.75266
1.79159
1.77436
1.77136
1.75061
1.72955
1.7384
1.74521
1.75217
1.76606
1.7521
1.75492
1.7652
1.7733
1.74033
1.74095
1.76244
1.78723
1.75851
1.77973
1.78348
1.78365
1.76192
1.76082
1.74625
1.77275
1.76251
1.7803
1.75223
1.78152
1.73945
1.77711
1.77548
1.74436
1.77666
1.752
1.77924
1.76108
1.77716
1.75804
1.7773
1.72941
1.79044
1.7514
1.77407
1.72716
1.75818
1.76209
1.77621
1.76769
1.72222
1.74512
1.72353
1.73
1.77539
1.78474
1.75723
1.75671
1.76593
1.76241
1.7536
1.76023
1.74198
1.76434
1.72892
1.76429
1.75592
1.75767
1.74379
1.77054
1.74934
1.79163
1.73722
1.74254
1.76679
1.76115
1.75148
1.74771
1.75053
1.76159
1.758
1.73319
1.73832
1.75875
1.75368
1.76282
1.7473
1.76675
1.77927
1.74254
1.7563
1.75467
1.74289
1.78109
1.76795
1.7652
1.76103
1.75536
1.78575
1.74281
1.77839
1.75925
1.76693
1.7672
1.75584
1.76342
1.76613
1.77332
1.76812
1.76381
1.74742
1.7458
1.78631
1.75884
1.7636
1.75605
1.77428
1.76531
1.75956
1.76584
1.76804
1.75308
1.75157
1.74685
1.74394
1.75348
1.78608
1.75812
1.76359
1.7693
1.76952
1.77314
1.73922
1.74099
1.74583
1.7567
1.76332
1.75541
1.76788
1.75441
1.75927
1.76902
1.76824
1.76156
1.74737
1.76437
1.76566
1.77945
1.74263
1.79276
1.78313
1.75708
1.77301
1.73387
1.79313
1.75988
1.77149
1.75742
1.72845
1.73905
1.76907
1.75863
1.78219
1.77132
1.75532
1.75297
1.76081
1.75923
1.74541
1.76463
1.76115
1.73386
1.75507
1.74238
1.76969
1.75054
1.77316
1.7513
1.75585
1.76141
1.78832
1.75666
1.74533
1.74631
1.79232
1.77418
1.75916
1.78246
1.77232
1.75451
1.77228
1.73228
1.74074
1.75167
1.76329
1.75693
1.7345
1.76643
1.74126
1.7845
1.74699
1.77458
1.77487
1.73638
1.76458
1.75967
1.74531
1.74644
1.76233
1.78719
1.75394
1.76354
1.77568
1.77819
1.79004
1.75067
1.77807
1.76667
1.74712
1.7335
1.74714
1.75863
1.75368
1.75537
1.73222
1.78855
1.77209
1.74607
1.77147
1.76781
1.73833
1.7895
1.7464
1.74963
1.7445
1.7665
1.78319
1.75038
1.76164
1.7612
1.74825
1.77984
1.74873
1.78739
1.76886
1.75964
1.7566
1.76054
1.76473
1.76917
1.7474
1.76749
1.75385
1.75374
1.76549
1.75321
1.76954
1.74832
1.74286
1.7755
1.76944
1.74361
1.73561
1.75664
1.77633
1.74834
1.76102
1.74986
1.77504
1.74942
1.75585
1.75286
1.77923
1.75619
1.75022
1.75824
1.76711
1.77305
1.74693
1.76811
1.77171
1.76012
1.76695
1.76032
1.74911
1.76182
1.76103
1.74702
1.73657
1.76617
1.73791
1.78706
1.74434
1.77215
1.76793
1.77495
1.76412
1.75054
1.76559
1.76766
1.76038
1.77308
1.73986
1.77621
1.74216
1.76734
1.76496
1.76016
1.75124
1.76998
1.78374
1.74755
1.7667
1.75338
1.76172
1.76741
1.73613
1.74451
1.76276
1.75428
1.76496
1.77705
1.76031
1.78278
1.76866
1.74767
1.74728
1.74962
1.75719
1.78624
1.75836
1.75849
1.75531
1.74727
1.75131
1.75775
1.75447
1.7656
1.76472
1.74471
1.72571
1.73417
1.74285
1.77633
1.75341
1.73944
1.75402
1.73967
1.75436
1.74132
1.76143
1.78146
1.73907
1.75852
1.75799
1.74889
1.81473
1.7571
1.77194
1.77159
1.75085
1.72977
1.74715
1.7782
1.76053
1.75788
1.76233
1.75542
1.77124
1.73513
1.7552
1.76041
1.75936
1.76332
1.76753
1.76809
1.76103
1.74924
1.76738
1.75872
1.73362
1.74322
1.75774
1.74445
1.78311
1.74699
1.77423
1.76264
1.76106
1.77402
1.73387
1.76772
1.75639
1.75091
1.73947
1.77321
1.77734
1.74242
1.75667
1.76422
1.76624
1.73432
1.76324
1.76585
1.73077
1.74574
1.7343
1.76169
1.7557
1.76234
1.74488
1.7602
1.76157
1.74661
1.76006
1.766
1.75913
1.76441
1.75005
1.7605
1.75089
1.77731
1.77764
1.75937
1.73682
1.77649
1.73879
1.76264
1.74176
1.77906
1.77901
1.77113
1.76698
1.77884
1.77933
1.75182
1.74468
1.76957
1.75707
1.77035
1.76823
1.76398
1.7362
1.76169
1.77943
1.77657
1.74088
1.76114
1.76063
1.75486
1.7572
1.74711
1.75478
1.77669
1.76427
1.77141
1.76131
1.75376
1.74745
1.76641
1.76951
1.74561
1.74521
1.7534
1.76314
1.73233
1.77628
1.75188
1.74361
1.73697
1.77414
1.77493
1.76185
1.7518
1.77865
1.75379
1.77195
1.74424
1.75098
1.7592
1.75497
1.76308
1.77296
1.75108
1.74422
1.73199
1.76281
1.77713
1.7412
1.76247
1.74348
1.76734
1.72863
1.75274
1.76042
1.76938
1.75463
1.74096
1.78701
1.76274
1.74142
1.75886
1.7643
1.7558
1.7607
1.7789
1.74656
1.76249
1.7516
1.77447
1.74485
1.76201
1.77012
1.75043
1.78415
1.76606
1.7189
1.74496
1.78199
1.73534
1.7472
1.74046
1.75876
1.75182
1.77499
1.73911
1.75563
1.75752
1.76692
1.76847
1.74154
1.76189
1.7582
1.76464
1.72873
1.76758
1.78338
1.74746
1.75214
1.77295
1.76385
1.73578
1.75138
1.77881
1.74929
1.75119
1.75373
1.72389
1.73394
1.75865
1.76858
1.75177
1.78495
1.76668
1.75506
1.74764
1.78034
1.75196
1.73956
1.76445
1.77441
1.75011
1.77391
1.76546
1.77632
1.76197
1.7469
1.72596
1.75212
1.7768
1.75599
1.76628
1.76971
1.77806
1.77783
1.7347
1.72888
1.76664
1.76218
1.76009
1.71238
1.75164
1.71923
1.76209
1.75895
1.77254
1.76819
1.75298
1.73697
1.77123
1.73279
1.73943
1.76679
1.76761
1.76859
1.77674
1.77654
1.77658
1.77887
1.74378
1.75512
1.76008
1.75682
1.75584
1.75815
1.79372
1.78266
1.7584
1.75632
1.75582
1.7705
1.76289
1.77203
1.76975
1.78263
1.73344
1.7484
1.75727
1.78348
1.77091
1.76919
1.75676
1.75476
1.77158
1.75869
1.74018
1.77986
1.76153
1.73372
1.73842
1.75889
1.7444
1.7706
1.74686
1.79463
1.76664
1.74537
1.78555
1.75815
1.73964
1.77624
1.77165
1.75719
1.76161
1.78407
1.76525
1.78065
1.74851
1.78866
1.75148
1.74966
1.72943
1.76209
1.78011
1.74096
1.75689
1.74755
1.76216
1.75529
1.78853
1.76973
1.76801
1.78488
1.76899
1.77121
1.75927
1.74047
1.78039
1.7912
1.76275
1.76161
1.73796
1.74164
1.74655
1.77431
1.74988
1.78693
1.78837
1.77969
1.7575
1.75804
1.74884
1.75
1.76732
1.76236
1.74043
1.76451
1.75785
1.76989
1.75806
1.74846
1.75332
1.76553
1.78308
1.74492
1.76489
1.76876
1.75781
1.74768
1.74892
1.74076
1.75471
1.70904
1.76181
1.73618
1.76164
1.77359
1.73267
1.75476
1.77385
1.76459
1.7631
1.75974
1.76644
1.75193
1.76654
1.75315
1.74416
1.77336
1.76191
1.75728
1.75492
1.75757
1.76753
1.76422
1.76242
1.76862
1.75834
1.77098
1.75569
1.76885
1.76754
1.73837
1.73671
1.74173
1.76333
1.76239
1.77053
1.75832
1.73616
1.75321
1.76377
1.76815
1.76198
1.75547
1.76137
1.74737
1.72902
1.75637
1.76573
1.74531
1.74921
1.74893
1.78619
1.76106
1.75871
1.74765
1.75073
1.7926
1.78076
1.79413
1.77328
1.72113
1.74547
1.76598
1.74078
1.7757
1.76218
1.79169
1.75907
1.77048
1.77135
1.76315
1.7611
1.74127
1.76151
1.7773
1.75053
1.77996
1.7515
1.7503
1.74908
1.74685
1.78985
1.7799
1.77143
1.765
1.78279
1.78626
1.77621
1.73174
1.77483
1.74814
1.75786
1.73993
1.76521
1.75129
1.776
1.76504
1.77412
1.74169
1.76362
1.75032
1.75068
1.77739
1.76281
1.77241
1.76321
1.77028
1.75722
1.80187
1.7549
1.79177
1.78396
1.78995
1.76155
1.75553
1.75779
1.78026
1.77149
1.74829
1.75325
1.77858
1.74378
1.77608
1.75486
1.74755
1.75817
1.74298
1.76024
1.73568
1.78045
1.75449
1.76867
1.72573
1.76771
1.76448
1.75862
1.77763
1.76087
1.72963
1.78907
1.75828
1.75197
1.75622
1.75093
1.74955
1.7591
1.74625
1.77321
1.76696
1.76226
1.75945
1.76309
1.75652
1.75148
1.76205
1.76703
1.75211
1.74908
1.79743
1.76736
1.75746
1.76979
1.75922
1.74284
1.75801
1.75401
1.75725
1.77648
1.75158
1.76739
1.73144
1.76624
1.77685
1.76044
1.7452
1.73916
1.75021
1.777
1.73874
1.75023
1.76361
1.75795
1.77715
1.75609
1.74384
1.75355
1.76684
1.75163
1.77773
1.75845
1.7556
1.76676
1.73493
1.77078
1.76553
1.74223
1.75448
1.78718
1.75648
1.76988
1.7575
1.79645
1.78744
1.74266
1.73839
1.77836
1.7862
1.73877
1.74023
1.77035
1.74114
1.77525
1.7604
1.75899
1.77114
1.7652
1.77158
1.7336
1.76301
1.72472
1.73379
1.77441
1.76347
1.7527
1.78313
1.75118
1.76305
1.75886
1.75205
1.76471
1.77269
1.75805
1.78831
1.76654
1.74805
1.76312
1.71962
1.76183
1.75945
1.75641
1.73234
1.75582
1.76483
1.7558
1.77397
1.76988
1.75573
1.7346
1.7645
1.75131
1.75313
1.74368
1.77318
1.76095
1.7519
1.76329
1.73985
1.75357
1.77518
1.75159
1.75141
1.77149
1.75682
1.76346
1.77393
1.77539
1.75346
1.73388
1.76626
1.77046
1.77581
1.76079
1.77101
1.74405
1.73761
1.78702
1.78782
1.76906
1.75758
1.73776
1.77894
1.77052
1.74275
1.75225
1.74918
