51.71033
51.65941
54.18928
52.86126
52.42392
54.05749
54.30482
51.75187
52.25932
52.35946
52.00176
50.32581
52.63401
49.9264
53.95165
51.11105
53.53706
51.55164
49.82019
49.57409
50.01433
52.21282
54.10053
51.4896
54.29913
49.84524
52.62529
49.20416
53.42349
51.76239
54.09635
49.45203
51.79064
54.07056
54.09203
52.56678
50.97332
51.35796
51.80433
51.72463
54.18803
48.35899
53.02543
51.6529
55.06566
53.37418
45.72676
52.34447
48.07531
54.1056
54.48602
52.5248
50.308
52.95603
50.36301
56.30133
52.84662
53.59865
49.54324
53.69502
54.46031
52.66595
53.76446
49.36693
50.40377
49.57078
48.79856
54.05056
53.24448
49.67383
51.24099
52.93175
50.85422
49.62092
53.02911
51.19509
52.77206
48.04525
51.998
54.50053
51.86712
48.33566
50.90028
51.3567
53.53899
50.49224
50.5203
54.56919
52.63906
50.63601
52.62879
53.82712
52.09048
51.26687
49.90701
49.6882
52.5814
51.68534
50.79265
51.69573
52.66142
55.10665
50.59215
51.57104
49.79548
51.34567
53.77468
51.53389
51.85948
53.43068
51.64597
53.97483
48.23878
53.43913
51.5592
52.0989
54.00541
51.77342
52.55278
51.73566
51.76644
52.78825
49.04791
50.93919
48.95257
54.33351
50.2466
52.7377
52.0193
51.69624
53.42526
54.43532
52.45371
52.17131
49.59633
51.07979
48.96256
51.11529
49.10299
56.23341
50.86331
52.91264
51.76837
53.47297
53.5523
49.65274
51.46468
49.62236
51.62654
49.89237
49.27428
54.05468
50.87992
51.84215
53.69819
53.11376
51.15843
49.47509
52.94359
54.04986
53.67248
52.15538
54.30631
55.28859
53.06613
51.82872
48.89074
53.76387
51.15164
54.13734
50.34564
50.0216
49.20627
53.39136
51.36844
53.28571
51.583
52.66559
51.24937
51.97026
50.79328
53.27204
52.32882
52.52165
51.62121
50.71749
50.08682
52.80086
53.69493
52.85207
50.13792
50.10542
51.90081
53.08709
50.67941
51.38288
50.11114
55.40576
52.52899
51.38017
53.77566
51.78516
50.81577
53.20296
50.47036
51.79233
52.17174
54.44089
53.53133
51.01246
50.52154
51.4922
55.61458
51.97244
52.24788
53.62379
49.43893
53.14411
49.59614
50.54334
50.50965
54.04249
54.66457
52.32174
52.06327
52.50225
52.5904
52.31537
48.05487
53.37142
53.90707
50.79585
49.89854
51.76152
53.69531
50.6829
49.78088
48.94525
53.95363
56.49784
51.65582
52.88183
51.00722
49.8933
54.27041
49.65123
51.0891
50.12644
52.17063
52.38331
50.83263
51.46023
52.57521
51.48095
52.35705
51.90583
54.63102
50.98135
49.6827
52.97216
52.66209
49.81033
51.52033
49.90692
50.63963
52.61965
53.19647
52.61835
51.2559
53.44101
49.31054
51.81265
51.64121
51.97518
51.38174
50.39137
50.52006
53.04387
53.53321
51.99355
51.03729
50.11213
52.53285
50.12902
49.96259
52.08232
50.76179
51.83292
53.33088
51.39385
52.3215
51.46083
51.22282
55.2391
49.77737
51.69386
53.16036
50.95457
50.88154
50.81661
50.82939
50.62936
51.89125
50.72128
53.21014
51.09156
53.02891
52.61036
50.3874
54.08423
50.71039
52.75511
50.64535
54.17732
51.27043
49.92769
54.98819
50.80822
52.72453
52.52811
53.77798
50.16416
50.89409
51.80114
51.04412
53.20404
51.22958
49.33089
53.72773
50.25581
51.41091
51.7155
52.44266
52.01078
55.85524
52.4562
53.38345
52.15847
51.32464
48.05208
50.70873
52.39872
52.88045
53.71443
53.2531
51.32565
51.79358
50.19168
51.53314
52.17
53.26276
52.13269
49.21603
49.93791
50.27186
51.99189
52.57738
50.50222
50.421
52.68946
50.97215
51.02643
50.1858
53.5432
54.4084
48.31116
51.28795
51.26248
49.63602
57.07356
53.63315
50.63125
52.18138
52.22814
47.76016
50.88423
54.83812
53.03605
50.79462
51.91677
52.1012
53.70471
50.34499
52.46902
51.71175
52.85801
52.07263
51.92156
51.27885
51.52046
51.28917
53.09703
52.0839
47.44228
49.20775
49.54238
52.46171
53.7838
51.4478
52.6819
53.05276
50.66883
52.45342
48.51382
52.99654
51.41019
51.77335
51.53878
52.62046
52.12805
48.98364
51.94261
54.80554
52.99651
48.60061
52.08608
51.81249
48.01743
50.73738
48.82692
51.47038
49.99138
54.10934
51.22729
51.97097
52.64405
51.30273
49.03953
52.88471
49.50201
53.17577
51.78803
53.32514
49.88389
50.89913
53.45778
51.45382
50.10688
53.625
48.80687
50.94279
50.51046
54.30413
52.64363
51.38258
51.31971
51.77139
54.3011
50.84831
50.74369
53.07245
51.51737
50.49548
53.08281
52.10021
50.82125
51.33139
52.62489
53.51562
50.79518
51.19223
50.89206
50.92338
53.02422
50.58748
52.99598
52.60745
52.55312
50.75719
50.55368
49.43592
50.84724
52.63909
53.67421
51.46538
49.9449
51.15483
53.85706
50.36424
50.63559
51.37229
51.5104
48.85224
51.25193
52.29374
52.02812
50.10977
52.36258
50.8544
53.04373
50.25465
52.21521
52.77846
51.33754
54.4407
53.99232
50.86915
49.42348
50.7175
52.71379
53.21578
50.80656
50.42639
48.9027
51.50128
50.70089
52.25684
49.1963
50.20467
51.29418
51.18478
53.32462
53.61555
48.9804
52.61964
52.55162
52.39139
51.46262
51.371
51.87872
53.82489
52.251
53.353
51.47792
51.38732
53.99622
50.80941
54.46145
52.34218
47.88712
50.22358
52.88456
50.4152
51.46566
52.78412
50.08404
50.12144
56.61115
50.89267
49.57608
52.13736
50.51368
53.08404
51.27397
51.17916
53.46362
54.5045
50.3231
52.2408
53.37852
50.39664
50.52072
53.12079
51.55795
51.99372
49.54956
53.26826
51.34887
52.13814
54.19523
48.80491
48.74245
52.08827
51.94591
53.03563
54.75472
51.81148
50.39751
49.66666
54.73955
48.79756
49.81567
51.46786
53.14587
51.06511
54.86589
52.22009
53.41572
52.83694
50.2235
49.68063
50.68008
52.01387
50.77865
50.65393
52.71886
55.13697
54.77492
47.30181
49.84346
51.67065
54.7387
52.80174
48.0449
51.62567
49.07529
52.65825
53.22055
54.49615
52.78278
51.16885
48.96286
53.59519
50.49316
48.41182
53.14382
54.0998
51.62803
54.65135
51.66161
53.02628
51.90612
52.98183
52.61824
54.06201
53.5602
52.13331
53.0519
55.52894
52.12021
51.6098
50.19033
51.46536
53.13802
53.94444
52.3104
52.72586
53.53963
51.36969
50.98294
51.25985
55.60621
52.22994
53.12867
51.22516
50.72722
52.7417
52.01387
50.43506
54.64455
50.89799
48.38969
51.83484
52.9186
51.06338
52.63018
51.1844
54.24729
53.82822
53.25728
51.69114
50.15248
51.49184
53.14926
50.598
52.30261
51.87334
52.33498
53.08332
54.14776
49.65213
54.80974
50.17457
50.42612
49.85979
51.00673
54.50835
51.1016
51.32381
51.7093
52.01527
51.91453
53.41559
52.94274
52.16575
56.12605
50.52586
54.28686
51.20426
48.51741
53.16595
55.16814
53.15245
50.74928
50.35111
47.89685
48.57492
52.14372
50.95054
54.56775
53.2424
53.15141
50.11303
52.23622
52.19706
51.0482
52.74021
53.7299
51.03711
50.78731
51.75358
52.07971
50.52876
49.81459
50.76356
52.37444
54.06869
49.87819
50.32864
53.20404
52.1386
50.6429
50.82627
49.24287
49.68714
49.16974
51.65914
51.67367
52.00525
55.59557
48.60136
51.95341
52.94046
50.54493
52.77352
51.5487
51.61633
51.19071
54.25123
49.96707
52.14602
54.36588
51.4745
49.47377
51.01804
51.83339
53.65846
49.42227
53.40083
51.60424
51.48676
51.84562
51.32244
49.71702
53.4722
50.76781
49.13691
52.46293
53.63207
52.42374
53.33425
51.37709
49.23235
52.37851
55.11977
54.09769
52.43556
50.43731
53.01861
51.6658
48.55064
52.23437
50.82646
51.92069
51.55051
50.37447
53.53465
52.29572
50.40434
50.27153
51.71747
54.10813
53.94655
54.32749
53.45651
47.00952
52.31487
51.86873
50.71742
53.31187
51.82861
55.12433
53.06627
53.76031
53.27506
49.92084
52.52986
49.19058
51.72227
54.52781
52.12059
55.08214
49.62054
51.97627
52.16654
50.49201
53.20552
54.24558
54.58878
52.83446
52.50834
56.0359
53.94037
49.98058
54.13514
51.27309
51.94955
49.68694
52.04255
50.13439
53.36586
53.52814
55.27072
48.70753
50.74953
51.65896
52.69391
53.69786
51.79989
50.94124
52.16381
50.47218
51.17811
53.88697
50.57412
52.87189
53.71436
54.98184
51.06612
50.83377
53.64371
55.50087
51.60513
52.03247
48.83757
54.39483
50.72957
51.87693
53.41547
50.00348
51.18764
49.0618
51.97442
49.07469
53.09486
50.36494
48.84496
47.5508
52.13569
51.60022
51.49045
51.47792
50.98355
48.96029
54.60132
50.93284
52.05504
50.88624
50.22171
50.55515
51.62636
50.91622
50.40318
53.18002
52.25263
50.06479
52.11052
49.37311
48.36177
51.92349
53.44692
51.67962
52.16979
56.07117
52.07231
52.98018
51.56057
51.38285
49.6198
52.04316
52.0638
49.48354
51.40244
51.25654
51.42918
49.45036
51.40502
54.56967
52.39987
50.79358
49.97269
49.79716
55.35311
49.56255
51.17755
52.60926
51.72286
52.63059
52.41377
50.66688
50.42131
52.6873
51.42251
55.30703
51.82004
52.09126
53.65157
50.53598
53.97712
53.53451
50.78838
50.68652
53.68419
48.95696
53.76809
51.04352
56.38813
56.02996
48.69297
50.18621
51.74779
52.9412
49.99553
50.19142
51.81558
51.92376
53.38713
51.80522
52.9177
52.05616
51.09052
52.61187
47.64426
50.87539
50.26795
48.07221
51.40107
56.04852
51.06479
54.83615
49.92686
49.59481
52.20921
50.66221
51.86819
52.51692
53.32369
53.87934
51.733
51.3367
52.89427
49.88636
52.83507
51.8867
51.22827
49.65385
50.39209
52.35979
49.335
52.46984
54.19651
51.39407
52.05182
51.01605
51.26065
49.60533
51.22171
50.51578
50.58069
51.32411
52.1813
51.24776
52.0259
52.34815
51.2605
50.79265
54.71256
50.91678
51.46457
53.70952
52.45288
50.23326
48.58195
53.46578
51.69121
52.58427
51.39651
53.64031
50.59044
51.46634
52.83652
54.88104
52.62331
50.28038
49.68016
52.67838
53.63974
48.54831
49.19153
52.66005
