1.74965
1.75764
1.75462
1.74873
1.77692
1.74441
1.74645
1.72466
1.75522
1.76776
1.75592
1.75624
1.75255
1.74492
1.74441
1.75559
1.75076
1.75352
1.76284
1.75284
1.75111
1.76533
1.746
1.73633
1.75105
1.76069
1.732
1.77224
1.77464
1.75622
1.74813
1.74612
1.7497
1.73204
1.74344
1.75204
1.78278
1.7404
1.76283
1.75552
1.76854
1.76874
1.74327
1.74311
1.73558
1.74738
1.76026
1.74781
1.75648
1.75881
1.73485
1.77275
1.76421
1.74047
1.76254
1.74765
1.75295
1.74416
1.74538
1.72559
1.73605
1.76511
1.75144
1.74455
1.7399
1.765
1.74762
1.73676
1.74531
1.73717
1.73775
1.76192
1.77298
1.76199
1.76261
1.75881
1.76026
1.74996
1.76175
1.7484
1.75754
1.74372
1.77053
1.75116
1.74966
1.7594
1.72719
1.75585
1.75093
1.72051
1.75251
1.74647
1.75825
1.74294
1.74784
1.7512
1.74483
1.74862
1.7529
1.76022
1.73949
1.7656
1.75401
1.74951
1.74559
1.76547
1.74223
1.78072
1.75828
1.75689
1.75463
1.74903
1.76905
1.75817
1.7461
1.74623
1.76708
1.73658
1.75672
1.7446
1.75387
1.75448
1.75014
1.76418
1.76875
1.75076
1.76575
1.7611
1.75089
1.74918
1.76842
1.75207
1.75938
1.75699
1.75948
1.76221
1.77022
1.76097
1.72735
1.7523
1.74528
1.74417
1.74547
1.73803
1.73664
1.75119
1.7791
1.76602
1.7655
1.76049
1.75878
1.73458
1.75234
1.74309
1.75123
1.75354
1.74277
1.7539
1.7469
1.74515
1.74838
1.75249
1.77378
1.75729
1.74301
1.74566
1.74772
1.74813
1.73886
1.73622
1.76349
1.75201
1.73622
1.76752
1.74714
1.76605
1.76937
1.74522
1.74602
1.74524
1.75983
1.72659
1.75881
1.74544
1.75852
1.73797
1.76441
1.77329
1.75238
1.76046
1.74488
1.74198
1.76586
1.75674
1.742
1.74089
1.74582
1.74491
1.75362
1.75914
1.72339
1.75282
1.77101
1.74902
1.74347
1.74481
1.74331
1.73472
1.76437
1.75125
1.75264
1.74061
1.7318
1.75911
1.75034
1.73544
1.75032
1.76148
1.75694
1.76971
1.76532
1.75089
1.75063
1.74051
1.73462
1.78333
1.76644
1.74381
1.74267
1.7559
1.75492
1.76086
1.761
1.74003
1.75189
1.74399
1.7593
1.75978
1.75352
1.74006
1.75121
1.74042
1.77394
1.74134
1.75851
1.76727
1.75399
1.76523
1.75308
1.75924
1.7417
1.74168
1.76508
1.77884
1.73626
1.77759
1.75368
1.75567
1.75946
1.74658
1.75255
1.73781
1.75522
1.76333
1.74396
1.75179
1.73772
1.75113
1.73294
1.76266
1.74097
1.771
1.74702
1.76071
1.74642
1.75615
1.76241
1.76536
1.74634
1.76683
1.72999
1.75601
1.75778
1.75334
1.76053
1.74644
1.75826
1.76079
1.75217
1.74593
1.74277
1.75402
1.76871
1.75417
1.75356
1.75338
1.75854
1.73447
1.75521
1.74238
1.74801
1.77564
1.76797
1.75229
1.74836
1.75457
1.75532
1.7457
1.76614
1.76381
1.76826
1.75768
1.77951
1.7332
1.748
1.75396
1.76164
1.74969
1.74946
1.73975
1.74177
1.75694
1.74476
1.74977
1.74106
1.74484
1.77485
1.76022
1.76709
1.75881
1.77721
1.72137
1.75837
1.75363
1.76506
1.74988
1.74378
1.7375
1.74637
1.7441
1.76571
1.73481
1.75302
1.73495
1.71836
1.76785
1.74619
1.75649
1.77896
1.74987
1.76575
1.75322
1.74322
1.72642
1.7607
1.7703
1.75816
1.7579
1.73782
1.74293
1.75232
1.7414
1.73992
1.76116
1.75218
1.77115
1.7532
1.76145
1.75212
1.75233
1.74594
1.77179
1.73738
1.76737
1.7452
1.75412
1.75436
1.76259
1.76115
1.74847
1.76431
1.74339
1.75986
1.75938
1.77368
1.75706
1.76034
1.75794
1.75282
1.76871
1.73122
1.75617
1.75805
1.77096
1.76411
1.73971
1.74509
1.72608
1.75538
1.77435
1.76066
1.74429
1.74066
1.75456
1.76215
1.73272
1.75436
1.78098
1.7381
1.76117
1.75335
1.7472
1.74856
1.73047
1.77111
1.7368
1.74102
1.7487
1.74702
1.75689
1.76235
1.74475
1.75281
1.75597
1.76174
1.7716
1.74258
1.76422
1.77141
1.7633
1.74388
1.75775
1.76163
1.75995
1.72811
1.75289
1.75135
1.7534
1.76977
1.75278
1.78391
1.75034
1.73853
1.75278
1.77329
1.74314
1.74931
1.74339
1.74357
1.75219
1.76001
1.75166
1.73938
1.73339
1.77213
1.76244
1.75584
1.77335
1.76042
1.74514
1.77779
1.77422
1.75808
1.76621
1.74606
1.74857
1.76273
1.76821
1.75088
1.75982
1.75388
1.75912
1.75974
1.76611
1.763
1.74446
1.75535
1.75001
1.74674
1.74834
1.75792
1.76829
1.75464
1.76234
1.74153
1.74308
1.74004
1.75356
1.75013
1.75283
1.73824
1.75376
1.75444
1.77657
1.76973
1.76304
1.77728
1.73979
1.74568
1.72738
1.74263
1.73982
1.74395
1.75387
1.76324
1.75422
1.74815
1.7527
1.74178
1.75519
1.72846
1.76299
1.75223
1.75588
1.76268
1.76181
1.71459
1.74974
1.75857
1.75988
1.74901
1.74908
1.76342
1.74523
1.76163
1.75718
1.75221
1.76162
1.76678
1.746
1.75878
1.75493
1.7655
1.73673
1.74302
1.74714
1.75211
1.76578
1.75385
1.77218
1.76807
1.7582
1.74806
1.74906
1.76688
1.74684
1.74199
1.7551
1.76764
1.76627
1.74549
1.77061
1.76522
1.73696
1.735
1.76314
1.73412
1.76312
1.74719
1.76939
1.78485
1.79114
1.77175
1.76623
1.74724
1.76224
1.74886
1.77624
1.75624
1.74457
1.74908
1.75844
1.74216
1.72028
1.7463
1.76039
1.74792
1.76041
1.74605
1.74973
1.76358
1.73686
1.76265
1.73852
1.76234
1.75044
1.75325
1.74891
1.75705
1.74552
1.76723
1.75821
1.75445
1.74498
1.76128
1.7635
1.75954
1.75592
1.73111
1.76574
1.74491
1.74223
1.75238
1.77206
1.75464
1.75455
1.73882
1.73168
1.75824
1.73153
1.76283
1.75422
1.75726
1.77626
1.7517
1.76926
1.76126
1.73213
1.74705
1.76672
1.74161
1.74948
1.72932
1.75197
1.75902
1.75788
1.75607
1.7502
1.74118
1.76991
1.77077
1.74952
1.73954
1.73049
1.73941
1.773
1.77325
1.75686
1.75561
1.76709
1.75196
1.76306
1.74359
1.74869
1.74882
1.74088
1.74591
1.74281
1.76505
1.76382
1.75611
1.75913
1.7415
1.76241
1.75006
1.7438
1.7488
1.7335
1.74921
1.77441
1.77055
1.75261
1.72084
1.75067
1.75482
1.76966
1.75306
1.73096
1.75949
1.74769
1.76567
1.75529
1.76618
1.74406
1.73824
1.7634
1.75859
1.74083
1.77028
1.76487
1.75765
1.76487
1.75518
1.76327
1.7424
1.75707
1.75817
1.7475
1.74129
1.73953
1.77621
1.75304
1.7506
1.75129
1.7246
1.76774
1.76053
1.76415
1.75759
1.73432
1.75895
1.75098
1.74954
1.76961
1.73994
1.75425
1.74856
1.75259
1.74353
1.77334
1.73171
1.78729
1.73793
1.74915
1.7711
1.74307
1.73504
1.75636
1.76661
1.7468
1.74183
1.75042
1.7609
1.76555
1.75466
1.74987
1.73682
1.75271
1.74629
1.74853
1.73577
1.75975
1.74486
1.73228
1.75831
1.72857
1.79521
1.73816
1.77011
1.75492
1.72445
1.75814
1.77069
1.74686
1.76404
1.73671
1.75008
1.74367
1.75644
1.77335
1.77107
1.75037
1.74235
1.75018
1.76309
1.72935
1.72707
1.74
1.76171
1.75081
1.74452
1.73289
1.76897
1.75461
1.7674
1.7662
1.75529
1.74961
1.77788
1.74847
1.75803
1.77039
1.74666
1.77864
1.76355
1.74046
1.76442
1.74951
1.74142
1.78242
1.76482
1.74638
1.75603
1.7297
1.7574
1.74172
1.75582
1.76527
1.74643
1.75325
1.7519
1.77793
1.75255
1.76171
1.74503
1.75842
1.7576
1.75768
1.73146
1.73633
1.75715
1.74596
1.74561
1.75706
1.73163
1.77198
1.75712
1.75366
1.77618
1.75867
1.7657
1.7384
1.7612
1.77326
1.7471
1.75071
1.74318
1.75569
1.73822
1.75048
1.74439
1.75613
1.75216
1.7468
1.74945
1.74185
1.75192
1.76797
1.76274
1.74046
1.74801
1.75968
1.7417
1.74637
1.77057
1.75007
1.74785
1.76868
1.73626
1.75733
1.76706
1.77081
1.74609
1.76742
1.76792
1.76714
1.7542
1.74686
1.76374
1.769
1.75688
1.72366
1.76156
1.77007
1.75832
1.75859
1.74744
1.74888
1.7531
1.73625
1.74937
1.74749
1.76236
1.77513
1.74606
1.76602
1.74606
1.74075
1.76578
1.75381
1.77795
1.7613
1.74941
1.74592
1.76778
1.75919
1.74543
1.75707
1.74555
1.74615
1.74688
1.73401
1.76838
1.75985
1.73357
1.74447
1.74884
1.75385
1.76422
1.74547
1.74225
1.71638
1.75444
1.76002
1.76627
1.7352
1.76048
1.76334
1.74734
1.75118
1.76632
1.71861
1.75086
1.7668
1.75579
1.74058
1.76871
1.76031
1.74163
1.74687
1.7555
1.76873
1.74603
1.75488
1.76884
1.72562
1.74074
1.75197
1.76735
1.74935
1.73117
1.76667
1.76773
1.75609
1.75549
1.7412
1.75251
1.75016
1.74749
1.7497
1.76446
1.75076
1.76184
1.77026
1.76459
1.76145
1.75127
1.749
1.75066
1.73954
1.72581
1.7804
1.74956
1.7512
1.77089
1.76305
1.72797
1.76654
1.75801
1.72765
1.76446
1.75247
1.77499
1.73896
1.74407
1.73421
1.73936
1.7697
1.77856
1.72803
1.75403
1.76619
1.74543
1.76394
1.77178
1.74976
1.76694
1.77949
1.76603
1.75526
1.76046
1.77648
1.74951
1.74167
1.76062
1.75354
1.76832
1.75714
1.75823
1.78112
1.74732
1.78011
1.74239
1.7588
1.7432
1.73361
1.76163
1.74654
1.7477
1.72944
1.76025
1.74398
1.74004
1.74572
1.75645
1.74843
1.76629
1.74297
1.77264
1.77019
