52.62056
50.62527
52.16826
51.90411
52.24785
49.07257
48.98392
48.93339
52.54688
50.84264
51.92322
50.16551
48.84473
49.75592
48.90831
51.59361
50.22893
51.43774
52.80696
50.4424
52.35862
51.29713
49.63588
49.25089
48.60592
52.58624
51.85006
52.25617
52.79258
50.86339
50.28669
49.63766
50.52854
50.03263
49.71219
50.96281
52.26302
50.58362
52.04906
52.11498
52.74101
52.63978
48.78317
49.88467
49.94469
51.87116
52.83693
50.60543
50.72811
53.1175
50.36974
53.26958
52.61495
51.07771
51.08657
50.42157
52.01179
50.54142
50.49483
47.19277
49.36441
50.73617
52.28383
49.32651
51.23725
53.85269
50.88713
49.97074
49.56196
50.36408
48.65019
51.7475
50.21183
50.73718
53.44102
50.7344
51.17724
51.10986
50.78701
48.31613
51.44327
49.9834
51.9311
52.40835
49.77634
49.64524
48.09434
51.12756
50.44152
49.18907
51.06978
48.8969
51.30045
50.68943
51.27961
49.19356
50.20681
51.1765
52.34667
54.18752
52.23145
51.74423
50.21598
51.03253
49.59443
50.76614
49.52912
51.22314
52.48986
51.55932
50.84864
49.73261
53.45505
50.64368
49.68792
49.20321
51.71548
50.15276
51.36637
52.92767
52.2023
51.08912
50.22142
52.33889
53.13489
51.98805
54.02267
49.72345
50.48735
50.33299
51.77326
50.03708
50.4734
50.4801
51.69763
51.62098
52.7065
53.29275
49.80917
49.09809
49.48048
49.39692
51.52771
51.49444
50.42669
51.11049
53.27453
50.56622
50.78545
52.75244
51.79755
50.62947
48.58353
49.90739
50.49993
50.28476
49.29542
50.03657
49.47605
49.62412
50.63513
52.46035
52.87425
52.27697
50.39036
50.47916
51.03349
50.88043
48.58794
49.53013
50.41801
51.13438
49.79923
52.61976
51.05419
51.19882
52.77478
50.81089
49.74851
50.83214
51.35042
50.45383
52.81783
51.9226
52.84528
49.79378
52.35674
51.89239
50.44435
51.66588
50.89935
49.16999
52.51076
52.37516
48.58964
50.31113
48.81
49.84007
52.08953
53.27254
49.92732
48.74972
52.70758
50.19481
50.78022
50.21283
50.29575
51.34511
49.40863
50.09947
52.47563
51.0923
47.86851
51.39337
48.675
51.03914
50.04691
50.23461
49.55939
52.43736
50.34223
50.51367
52.42649
50.02435
48.89214
52.29451
53.45409
50.18787
50.85523
53.21556
51.81576
52.34846
52.98681
50.71751
52.09067
51.24219
52.69802
52.78246
51.69727
48.67913
51.46083
51.03679
52.8354
50.77483
50.86458
50.6884
51.12443
52.575
50.11976
52.43415
51.01507
49.86781
52.16787
53.62882
47.42278
51.06602
54.39772
51.86779
51.27467
50.9163
51.09362
48.60459
50.55162
51.90812
49.82187
52.0987
49.22531
51.40269
49.13828
52.81656
50.63903
52.27
47.94087
53.11262
51.0734
51.19687
51.34133
53.12276
51.37404
51.54764
48.71099
50.94229
50.56318
51.29169
50.91047
50.30598
51.72171
51.83626
51.7581
51.81397
50.20902
53.00265
51.63299
51.70206
49.89299
50.39633
52.13922
49.20345
52.59297
47.1093
50.46834
51.04413
52.72981
51.56779
51.06693
51.04642
50.91796
50.20471
52.78129
50.10985
53.9722
52.90363
53.36918
48.19558
50.5035
52.70097
52.44077
50.2539
51.66761
50.61549
50.07293
53.15008
51.76737
49.48762
48.53609
50.91451
53.05534
52.1086
50.29168
50.75023
51.62671
48.82011
50.89144
50.53867
51.37563
51.32
50.81943
49.42039
49.8229
52.3492
51.49082
51.79271
50.52597
49.72659
49.99314
51.50609
49.3164
53.70225
51.8475
53.87161
52.15404
52.48931
51.0195
48.74943
51.12512
51.46468
50.83192
52.06111
47.38122
50.18235
50.55439
50.27433
51.17662
51.02787
49.8727
55.68362
50.36094
51.25747
51.4841
51.38978
50.64979
53.60095
49.02897
50.1442
49.76559
51.47591
52.09226
51.99772
51.85379
49.87196
51.72019
50.48105
51.16673
52.48561
52.62188
49.35221
51.72834
50.89202
50.36008
52.18395
47.7992
50.63994
51.00344
52.61946
52.53388
49.61844
52.00618
48.65136
51.81886
52.3344
50.55678
49.99176
49.57496
51.47338
50.62272
51.16377
53.17669
51.95205
49.12886
51.75953
53.0729
50.35858
50.98491
47.84705
53.75978
51.17156
48.46495
49.08696
52.10453
51.15696
52.21028
50.40041
50.35975
51.67107
52.43097
53.46992
50.07905
52.1865
53.31597
54.11581
49.20106
49.09359
51.69495
50.4225
48.87139
50.24754
51.35254
49.68817
51.71554
52.17278
53.42097
51.96329
50.37536
51.02426
53.81838
48.98076
50.06201
51.97084
51.44928
50.27882
51.09132
49.2992
49.41072
49.26544
51.80827
52.15849
49.92594
53.20544
51.68907
51.69325
53.47438
53.64204
49.5613
50.32105
51.1324
51.94646
51.10493
52.61538
49.56999
51.11649
51.95171
49.94563
51.99646
51.12617
51.58979
49.39015
52.61965
49.55986
50.31974
49.16801
52.89549
52.11595
51.82371
52.19806
50.45546
47.84228
49.8961
52.51672
50.5069
49.24905
49.72167
52.59867
49.35833
52.09512
52.25328
49.87245
52.73618
49.91345
50.5836
50.95183
49.92225
50.49968
50.03851
51.01506
52.03941
51.37415
51.64462
48.79047
47.6589
49.47987
49.95164
51.9878
49.80525
49.9948
51.26671
52.86397
47.26368
50.96316
50.96864
51.55077
52.09
49.99547
52.58931
51.02577
52.37232
52.76308
50.83051
51.06469
52.51461
50.81333
52.29664
53.02356
52.00417
47.82124
50.58988
49.29418
51.28072
51.15439
51.96188
50.69764
53.04435
50.20113
51.55547
49.80572
52.67607
50.84248
48.22595
51.43389
51.96509
52.17459
49.96209
51.21854
51.93588
49.05116
48.2744
50.32384
49.56119
51.53529
50.6269
51.56501
53.10663
53.30998
54.05602
50.2064
50.01601
51.98646
49.91926
52.50073
52.24163
50.35335
49.40461
50.9836
49.32183
49.83496
51.19458
50.35136
49.89462
51.52556
51.96808
49.60173
50.69095
50.25454
51.47224
48.53018
52.93466
49.15941
50.31757
49.62332
52.21407
50.78046
50.80835
51.67432
49.84997
50.91376
51.51976
51.77578
51.80315
48.30468
51.11342
50.75001
49.13617
49.54628
51.53645
51.76712
49.55078
51.34
50.56498
49.51933
52.31894
49.41741
51.2467
50.2539
50.88547
54.01913
51.18893
53.14731
51.74136
51.8806
49.21069
51.78824
50.86304
49.51291
48.40036
50.5354
52.05625
51.76344
50.06273
50.59266
49.79129
53.99126
52.09382
52.86427
50.83966
51.93942
49.47222
51.18182
52.1362
51.15469
51.68896
53.10225
50.57877
51.28887
49.39485
51.17938
52.38314
50.24028
49.39266
50.23123
52.20985
50.71798
53.00883
49.50092
50.50632
53.46532
52.21444
53.17992
49.03798
49.03549
51.82073
52.83954
51.89333
50.88297
48.61832
49.85846
51.35987
54.16296
50.13247
48.48739
50.32002
52.20614
53.11517
51.05811
52.02625
48.62507
49.03983
52.2303
52.71895
51.04805
51.4164
51.73684
53.3216
52.05616
50.46975
50.56341
50.19614
50.732
51.28418
49.86006
50.58078
50.54475
53.36487
50.29471
50.34049
52.39565
48.39971
50.87199
51.02221
51.78101
50.68597
49.85867
52.25672
48.90551
50.6398
53.25568
49.16061
49.86235
49.84626
49.66276
49.04745
53.91707
50.01531
55.12375
48.49129
50.21007
51.53221
49.99489
50.06625
49.897
51.50583
49.57638
48.99612
50.12821
51.99906
53.6054
51.01227
49.44065
50.81148
49.76033
51.20846
50.98441
50.66077
51.83484
52.08773
48.59131
52.27158
50.13162
53.6112
49.98185
50.45843
52.2325
48.32883
52.15899
52.06224
51.45019
50.73332
50.03839
51.26913
50.61504
50.91173
50.75578
53.27437
50.65738
50.88874
49.58354
50.66048
48.55457
49.532
52.10515
52.88186
48.89174
52.69687
48.47141
51.66177
52.95931
51.93041
50.67987
50.58174
49.78911
54.11116
51.49283
50.84475
51.89156
50.42454
51.5989
50.92234
49.40841
50.72626
50.37159
49.92141
51.63657
51.16709
51.0704
50.76297
48.7492
52.77801
49.9118
51.46146
51.71988
51.32044
53.36089
50.88148
51.88861
49.41241
53.30367
50.71718
52.71475
52.78583
52.41009
50.24614
50.50067
50.29719
50.77918
49.41372
51.73631
49.4471
51.58745
51.36048
52.13596
52.95797
51.01892
51.65144
49.32683
49.6717
52.73555
51.011
50.83096
48.76753
51.34545
50.93939
49.69907
49.67412
49.93492
49.55258
48.60525
51.05518
50.11538
49.63906
49.72887
52.51304
50.8076
50.84953
52.79928
51.45409
50.41867
51.47044
50.42845
49.44164
53.65537
49.23231
51.08116
51.68091
53.14754
51.77221
52.07633
52.29604
52.32907
51.32577
50.73789
52.19476
51.06493
50.83162
50.11574
50.76654
52.96082
51.8063
51.52421
50.59717
50.70863
50.32388
50.62277
50.61252
48.07978
51.80139
50.61585
50.29795
54.08499
50.04926
50.24469
52.30066
53.61418
52.07399
52.3928
51.00378
51.38565
53.78584
51.00569
50.1915
50.64306
49.94975
49.46291
51.26621
50.08981
51.16594
50.83583
49.54809
49.35144
51.76046
50.80378
52.52393
52.06422
49.67822
48.20384
49.41931
49.59581
51.62461
51.05546
51.55741
51.00142
51.56173
51.17347
51.79308
49.51998
52.61048
51.5205
52.22091
51.37303
52.15703
50.88746
47.9805
50.38515
51.63567
51.90858
50.62897
53.26514
50.75492
49.95685
50.19835
49.98424
52.74327
50.52962
49.86777
51.47542
53.31525
50.21251
50.00715
50.99054
51.8806
49.57345
49.92098
50.74641
52.15579
48.72486
51.14658
51.19577
52.06556
51.25787
49.38738
48.47338
51.23981
52.06159
49.75294
50.16287
48.96884
51.13885
53.82537
52.23977
48.29489
52.42191
50.65507
48.61076
52.31452
50.94071
53.37835
50.25682
48.77549
49.66712
50.12419
51.03907
53.38415
48.55464
48.52206
50.84181
51.21728
54.8887
53.22087
49.92419
52.85099
52.88892
52.26495
51.69833
49.93891
51.12778
54.68604
49.72044
51.18909
51.15995
53.4616
50.83813
52.37336
54.1045
50.98851
53.90217
50.106
51.83741
50.42892
50.05115
52.29786
50.40885
52.00221
50.09772
51.95903
50.56679
48.61366
51.20918
49.09436
50.8271
51.17357
49.56454
52.29327
49.65382
