2.20627
2.29776
2.35988
2.01443
2.18446
2.4161
2.34629
2.33889
2.19843
2.39382
2.24156
2.28677
2.31214
2.46626
2.1739
2.35129
2.20622
2.36717
1.95868
2.1087
2.36922
2.15216
2.25233
2.21313
2.28721
2.36545
2.29628
2.35676
2.24338
2.2259
2.33675
2.31397
2.53515
2.28749
2.29134
2.40753
2.28334
2.18761
2.32492
2.32221
2.29415
2.17056
2.41072
2.42046
2.18784
1.94896
2.27375
2.41756
2.15135
2.322
2.3723
2.36078
2.33969
2.2703
2.43718
2.43195
2.20507
2.39197
1.90758
2.41861
2.402
2.25118
2.42111
2.2304
2.35061
2.32657
2.41956
2.12972
2.22682
2.33587
2.16222
2.16218
2.34179
2.38783
2.39531
2.31455
2.22865
2.14544
2.31121
2.25022
2.34307
2.24649
2.48649
2.30757
2.23644
2.32584
2.20007
2.26086
2.35795
2.17448
2.25226
2.30924
2.35411
2.40234
2.08418
2.19347
2.1359
2.25925
2.41503
2.25185
