0.06403
0.03472
0.01961
0.14562
0.17306
0.00962
0.03496
0.0157
0.04515
0.0
0.04033
0.0
0.0
0.00617
0.03534
0.02696
0.03885
0.01957
0.20096
0.03668
0.00359
0.06126
0.01145
0.06848
0.01691
0.0
0.01055
0.05079
0.02945
0.03175
0.03015
0.0
0.0
1e-05
0.01296
0.0
0.06076
0.02531
0.01528
0.01481
0.01464
0.02824
0.0
0.01605
0.08539
0.1341
0.01754
0.02224
0.0755
0.01207
0.0
0.00623
0.0
0.01011
0.00457
0.01057
0.0198
0.00437
0.21885
0.01344
0.0
0.05762
0.02148
0.07443
0.0
0.01982
0.01669
0.04056
0.0122
0.03916
0.05117
0.0447
0.12081
0.00684
0.00034
0.0
0.07829
0.03901
0.01639
0.06201
0.01076
0.03296
0.02982
0.00474
0.05662
0.01251
0.01952
0.02829
0.00491
0.09898
0.02675
0.0049
0.01795
0.0
0.09368
0.03712
0.0405
0.05699
0.0
0.01635
