5.01476
5.02723
4.99589
5.00635
5.00989
5.00989
5.01201
4.99622
4.99884
5.00887
4.99166
5.01137
5.00607
4.98324
4.97358
4.98504
4.99767
4.99703
5.01141
4.99521
5.01433
4.99492
5.01103
4.98493
5.01061
5.01144
5.00449
5.0067
4.98436
4.99168
4.99817
5.00833
4.98271
5.02859
5.01209
5.00816
5.01321
5.00971
4.99081
4.98845
5.00005
5.00181
5.00747
4.99918
5.01908
4.99269
4.99768
4.99021
5.00262
4.99389
5.01153
4.99857
4.9879
5.00283
4.99975
4.98126
4.98638
5.01527
4.99674
4.99962
4.98222
4.97776
4.99143
4.99122
4.99879
4.99795
5.00924
5.00393
4.99605
5.02456
5.00962
5.00003
5.00964
5.00523
5.0103
4.9943
5.00475
4.99821
4.9881
4.97665
5.01269
5.03616
5.00759
4.9945
5.00592
5.02051
5.00474
5.00642
5.00892
4.99858
4.99948
5.01304
5.01582
4.99386
5.01018
4.99091
5.00121
5.00609
5.01348
4.99509
