4.36121
1.417
0.82061
10.88235
8.02263
0
2.04578
0.60025
2.92584
-1e-05
2.80572
-4e-05
-0.0019
0.08884
10
0.95944
2.42885
0.97527
13.18872
3.11286
0.08469
3.3007
0.46893
5.47218
0.75609
-6e-05
0.38902
2.93533
2.42235
1.8253
1.64339
-0.00012
1e-05
0.00078
0.76487
-0.0
1.13943
1.96849
0.76206
0.67929
0.74919
2.22235
0.0
0.53262
5.84713
8.51881
0.94544
0.74535
5.89777
0.41631
1e-05
0.18773
-1e-05
0.41299
0.07188
0.28901
1.37036
0.09437
12.66895
0.46138
1e-05
3.82712
0.88628
5.22382
2e-05
0.80951
0.40014
3.76365
0.75274
1.37902
4.24211
4.28597
4.58718
0.16892
0
2e-05
2.35738
0
0.85116
3.17246
0.49084
2.27361
0.44436
0.14479
4.47459
0.49742
1.04717
1.94027
0.10772
2.23676
1.6778
0.12135
0.63962
-6e-05
0
3.04702
3.80419
3.66141
0.0
0
